111852	0000299
80646	1111299
69799	000000000000299
50727	00000000299
49147	111100000000299
44423	11116
39297	00000000612
34927	00006
29017	000065
28935	1111602
28065	0000526
26906	11111111602
25366	299
20621	0100299
20616	11111111299
20378	010000000000299
19985	111065
19753	11110000266
19296	0000000065
17559	00000000642
17393	1111224
17259	1111108
17201	0000474
16913	00000000266
16650	0000224
16500	0000338
16146	111119
16093	11111111642
14667	111111110000299
14472	11111111266
14021	000000006
13657	1111111165
12300	1111580
11069	1111474
10941	1111338
10702	11111111111165
10292	11111111338
9991	1110334
9853	11111111111111111111327
9840	00001111299
9758	1111526
9684	111111116
9228	11111111612
8561	000019
8471	00000000338
7683	111165
6753	00000000000065
6610	0000612
6520	00000000526
6297	111111111111327
5568	0000000000000000299
5509	00000000334
5401	43
5359	74
5347	01000000266
5272	111000000000299
5118	11101110612
5031	11111111334
4983	1110111165
4954	11100100334
4898	00000000602
4889	00001111602
4850	0000111100000000299
4838	00000000000000000000612
4836	0000000011111111612
4832	111111110000000074
4822	593
4815	0000111119
4808	1111642
4187	0000000000006
4084	0000359
4067	0000578
3501	0000602
2954	0000580
2865	111111111111338
2851	0001299
2270	000000000000327
2175	0000108
2112	011165
1963	0111299
1893	000100000000299
1823	01110111612
1732	011100000000299
1670	0010299
1578	000000000000612
1439	1111111111111111333
1433	1111111111111111326
1366	001000000000299
1349	00001111526
1302	0000575
1280	00000000474
1239	0000348
1195	0000571
1045	01010101612
1014	0000000019
992	000000000000338
957	11111111326
947	11111111333
856	00000000359
847	00000000580
817	00000000000000000000299
811	00000000598
783	00000000000000000000327
749	010165
747	010100000000299
678	01110111642
670	01000100612
662	000000010000299
646	000001116
619	0111224
604	0111359
601	01110000299
567	00100000266
557	0101299
532	30
525	01110000338
515	00016
510	011101110000338
500	0000010065
492	01000000299
484	000000000000602
478	00010001612
466	0000642
464	000165
462	00010000266
460	0000000000000000612
459	00010001642
458	01110111338
453	0001224
452	000000000000474
438	000000116
436	00100010612
433	00110011642
417	000000000000000074
415	0011359
410	0011224
398	0101453
390	1110299
389	0111612
385	000000016
380	01010101642
379	01010101532
366	00110000642
363	00010001299
360	0011299
349	0001359
348	000000100000299
347	00106
347	000001016
344	0101224
332	0101359
330	639
326	00100010642
324	01010000391
320	0111453
318	000001110000299
313	00010001011165
309	0000011165
304	0000001065
300	000001110000000065
298	0111334
298	00000000222
295	01110111299
290	01110001011165
289	000000000000555
288	001100000000299
283	000001000000299
281	01000100642
279	11110000299
276	000000106
275	01010000580
273	0100224
273	00010000642
267	00000000000019
265	011100006
263	00100000299
262	00110011612
257	000000000000266
256	000001006
255	01110111532
251	0010224
251	000000000000000065
250	1111612
248	01110000000065
247	010101000000338
244	010101010000556
244	01006
244	00000000555
241	001165
240	0000554
235	010065
233	0010359
230	0000334
217	0001000165
217	0000000165
216	000000000000326
202	00010000299
199	00000000578
198	00000010299
193	0111000065
193	001065
192	00000001299
189	01010000000065
188	000001010000000065
187	1111453
186	01110010334
184	00110001299
180	00000000639
175	000119
172	00100000642
169	1111359
168	65
168	01010000299
168	0100359
168	0010602
163	01116
162	0100602
161	011119
161	0000111165
156	0111526
156	0101334
153	109
152	00000100299
152	000000000000556
149	000000000000642
148	00000000000000000000326
147	0111474
147	01110000266
147	00000010602
147	00000000556
146	00000000333
145	010001000000338
141	01110010299
140	00010000338
140	00000000326
139	0000000068
135	01110000642
134	0000000000000000109
130	0001612
128	0001000065
127	11111111532
124	0111575
124	0001602
121	0001526
118	0111011165
118	0001474
117	01010001299
117	0000000000000000474
115	00100010299
113	000011116
113	00000001602
112	0010000065
112	000000000001299
111	0101612
111	00000100602
109	01010100299
106	0100526
105	00100000000065
105	000011110000299
104	0001011165
100	01016
100	00116
97	001100010000556
95	0111011119
95	010000000000556
95	000100006
94	011100010000299
93	01000000000065
92	01010100334
91	01010000266
90	01010000642
88	1110474
88	01010000338
87	00110000266
87	00001111612
86	010000006
85	011100100000299
85	0011474
84	0100474
84	00010000556
83	00000111602
80	0101602
80	010001006
79	011101000000299
78	0010526
77	0100000065
75	010101000000299
75	00000111299
75	0000001000000000299
74	001000106
72	011100010000556
72	01010101011165
72	01000100299
72	000100016
72	00010001338
71	000011111111612
70	0010612
69	011100010000338
69	00110010299
68	01010001334
68	001100100000299
67	01000100334
67	0010001065
66	1111000065
66	01110100334
66	001019
66	001000010000299
66	00001110526
66	00000111612
65	00010001266
65	0000010000000000299
64	1110526
64	0100010065
64	00001111266
64	000000000010299
64	000000000000222
63	00010000000065
62	11100000266
62	011101110000299
61	011101000000338
61	00100000338
61	0001348
60	011100110000556
60	0101474
60	0101000165
60	0100612
60	010019
60	0000000000000000326
59	0111602
59	0011000165
59	000001010000299
58	01010100000065
58	00000011602
57	11110010299
57	0101526
56	011100110000338
56	010100000000000000000000391
56	0010474
56	000000001111299
55	00010001334
55	00001110299
54	000100010000299
54	000001000000000065
54	00000011299
54	000000005
54	000000000000581
53	000001010100000065
53	0000001165
52	11100010334
52	000000100000000065
52	0000000100000000299
51	11110000642
51	01110111602
51	010100006
51	0011612
51	0001580
50	0011526
49	0100334
48	01110011011165
48	00000101299
47	01110001334
47	00010001602
47	000000010000000065
47	000000000100299
46	010119
46	0101000065
45	11100000556
45	01110001299
45	010101010000338
45	001000110000556
45	0000010165
44	526
44	01110000391
44	000100100000299
43	01110100299
42	0111348
42	01010101338
42	010001000000299
42	001100010000338
42	001000110000338
42	00100010359
42	00100010338
42	0000000000000000266
41	11110000000065
41	011100000000556
41	01000100602
41	01000000642
41	001000000000556
40	111100006
40	0111580
40	01110000580
40	0011334
40	00110010334
39	000101000000299
38	0010580
36	01110111334
36	0101010165
36	01010101602
35	1111334
35	11110000602
35	111019
35	01000100338
35	00100010602
35	00000011526
35	00000000001000000000299
34	01110111266
34	01110111000065
34	01110101299
34	01000100359
34	000001110111000065
34	00000101602
33	111100100000299
33	01110111508
32	11110001580
32	01110001010165
32	010101010000299
32	00100010334
32	000100000000556
31	11110000391
31	001119
31	0000312
31	0000309
31	0000011119
30	11110000639
30	11110000580
30	111100001111327
30	11100000338
30	01110111580
30	01110111391
30	01110000011101110111391
30	0101580
30	01010101266
30	01010101010100100010327
30	00110001334
30	001000100010299
30	0001334
30	000100010000338
30	000000001110299
29	11106
29	01000100266
29	00000101508
29	00000000391
29	000000000111299
28	0101575
28	010000100000299
28	001000006
28	001000000000338
28	0001010165
28	00000000000100000000299
28	000000000000526
27	00110011602
27	00010001359
27	00000001526
27	000000000000312
27	000000000000309
26	111111111111299
26	0101338
26	0100111165
26	0010348
26	001000100000299
26	000100010001299
26	00001111474
26	00000000224
26	00000000010000000000299
26	0000000000000000333
25	11101110642
25	011100110000299
25	01110000602
25	0100580
25	0011010065
25	0011001065
24	1111001001110001391
24	01110001000165
24	01000000010000100010327
24	00100010266
23	011101116
23	0100348
23	001100006
23	00000100639
23	00000001266
23	00000000000001000100327
22	111100001111299
22	0110299
22	010001000100299
22	00001110474
22	000000110000299
22	000000100010612
21	11110001334
21	11100000299
21	1000299
21	011101110000312
21	01110001338
21	01100110612
21	0101010119
21	01000100000065
21	01000000639
21	01000000338
21	00110000299
21	0001453
21	0001000119
21	000100010001000100010001391
21	000060
21	000001110111612
21	0000000000001111299
20	1111348
20	011101110001312
20	01010101299
20	010001010000556
20	001100010000299
20	0001575
20	00001111578
20	00001110602
20	00000111526
20	00000111474
20	00000011001165
19	0010111165
19	000101006
19	00000000111000000000299
18	1110111065
18	01110001580
18	01011111299
18	0010338
17	11101110266
17	01110010580
17	0101108
17	0011111165
17	00000111266
17	000000000001474
16	11101110602
16	01110001391
16	01110001309
16	010101016
16	01010101334
16	01010101010165
16	0010578
16	0010571
16	0001338
16	000100106
16	00000010639
16	00000000111100000000299
15	11111110580
15	111101000100010001000000391
15	11110000111165
15	1110348
15	111000006
15	01111111299
15	01110100580
15	010101010101327
15	01010101010101000100327
15	01010101010100010001327
15	0100011165
15	0011580
15	0010001019
15	00001110111065
15	00000100474
15	0000000000001110474
15	000000000000109
15	00000000000000001111299
14	11110011299
14	1110612
14	100000000000299
14	0111000165
14	0101348
14	01011111111165
14	010001000000556
14	001101000000299
14	0010011165
14	00010001010165
14	00010001000165
14	0000010119
14	00000010266
14	000000000101299
13	1111001065
13	011000000000299
13	01011111010111111111327
13	0010334
13	0000111065
13	000001000100612
13	00000010474
13	000000000011299
13	000000000000359
12	1111111119
12	11111110391
12	111100116
12	11110001299
12	1110010165
12	1110001065
12	111000100000299
12	011101010101010101010101391
12	011101000001010100010100391
12	01110011299
12	011100100001010100010010391
12	0100010019
12	0100001065
12	0011348
12	00110111602
12	00110100602
12	001011110000299
12	00000111001165
12	00000101526
12	000000010001612
12	0000000000011111266
11	1110011165
11	111000016
11	011111106
11	011101110111011100100111391
11	0111010165
11	0111001065
11	011065
11	01100110642
11	0011011165
11	00110010602
11	00100001299
11	00100000602
11	00010101299
11	00010000639
11	000011106
11	00000111011165
11	00000010359
11	00000001639
11	00000001474
10	111101110000299
10	11110000359
10	1111000019
10	11110000001065
10	1110010065
10	111001000000299
10	11100010299
10	011101110111299
10	011101110111011101110111391
10	0111010065
10	011100100010000000100000391
10	0100338
10	010000010000299
10	00110011266
10	00101111299
10	00100000639
10	00100000612
10	001000000000000074
10	00010111602
10	00010001532
10	00010001000065
10	00000100526
10	00000010000065
10	000000001111474
10	00000000000000000000474
9	1110224
9	11101110299
9	011101110111312
9	011101110000000000000000391
9	011101010101010101010100391
9	011100010001010100010001391
9	01110000011100100010327
9	011100000000309
9	01010111299
9	01010010299
9	010000016
9	0011602
9	00110001602
9	0011000065
9	001000100000001074
9	00100000001000100010327
9	0001010065
9	000100116
9	00000111578
9	000001106
9	0000010100000000299
9	000000000111474
9	0000000001010101612
8	79
8	328
8	1111578
8	11111111359
8	11111111000065
8	111101010000338
8	11110100299
8	1110000165
8	111000010000299
8	1110000065
8	1000526
8	01110111011165
8	011101000100000001000000391
8	01110001602
8	011100010001000100010001391
8	0110359
8	0110224
8	01010101000165
8	010101010000000074
8	0100010165
8	01000101338
8	01000000612
8	001100016
8	00100011266
8	0010000000000000299
8	0001312
8	0001309
8	0001111165
8	0001001165
8	0001001065
8	00010000602
8	00000100000065
8	00000010526
8	000000100000000074
8	00000001578
8	0000000000016
8	000000000000328
8	000000000000001065
7	11110101299
7	111100010000299
7	1110359
7	11100100299
7	0111554
7	011100116
7	0111000019
7	01110000001065
7	011100000001299
7	0110338
7	0110011065
7	010101010101010101010100391
7	01010100338
7	0100575
7	010000000000000074
7	001111110000299
7	0010001165
7	000101110000299
7	00010000359
7	00010000000100100010327
7	00001000299
7	000001000000000074
7	00000001000065
7	000000010000000074
7	00000000342
7	000000000000334
6	338
6	1111554
6	11110011580
6	11110000326
6	111100000000000074
6	1110602
6	11100010602
6	111000106
6	1000474
6	10001000612
6	011101110111011101000111391
6	011101110111010001000100391
6	011101110111000100010001391
6	011101110101010001000100391
6	011101110101001000100010391
6	011101110001000100010111391
6	01110100391
6	011100010001000000010000391
6	0101642
6	010101006
6	010101000000306
6	01000110602
6	010001000000309
6	01000010602
6	010000106
6	0100000000000000299
6	0011001165
6	001100110000299
6	00110001001101000100327
6	00110001001100010001327
6	00110000000065
6	0010001000000000299
6	001000016
6	00100001266
6	001000001111299
6	00010111391
6	00010010602
6	000100010000309
6	00010000612
6	00000110299
6	0000000000106
6	000000000000010065
6	000000000000000165
5	1111571
5	111101000100010001000100391
5	11110010359
5	111100000000000000000000391
5	11100100602
5	111001006
5	0111010019
5	0111001019
5	0111000001110111359
5	01110000010065
5	01110000000165
5	01106
5	0101111165
5	0101111101011111333
5	01010101333
5	010100010000299
5	010001110000299
5	0100010000000000299
5	001101116
5	00110111299
5	00110100299
5	0010000165
5	00010100602
5	00010011299
5	00010001580
5	000100010001312
5	000100010001309
5	00010001000100010001307
5	000100000000000074
5	0001000000000000299
5	00001111359
5	000011110000266
5	00001110266
5	0000111000000000299
5	00000100359
5	00000100338
5	000000110011612
5	0000000119
5	00000000532
5	000000001110474
5	0000000001006
5	00000000001065
5	000000000010474
5	0000000000010001612
5	00000000000074
5	000000000000575
4	1111111019
4	111111100000299
4	111101010000299
4	11110100639
4	111101001111299
4	111101000000299
4	111100110011001100110001391
4	11110001391
4	111100011111299
4	11110000612
4	11110000334
4	1111000011111111359
4	111100000000109
4	1110580
4	1110338
4	11101111602
4	111001016
4	1110001165
4	111000116
4	11100001602
4	111000000000000074
4	0111111165
4	011101110111011101110010391
4	011101110111011100100000306
4	011101110100010001000111391
4	011101110001309
4	011101100000299
4	011101010000299
4	01110100602
4	01110100266
4	011101000111299
4	011100100000306
4	01110000639
4	01110000359
4	01100000266
4	0101111101011111326
4	01010101381
4	01010101326
4	0101010065
4	010100116
4	0101001065
4	010100100000299
4	010100010001000100010001391
4	01010000639
4	01010000010065
4	0100578
4	0100571
4	0100011065
4	01000110299
4	010001000111299
4	01000011299
4	01000001299
4	01000000602
4	0011578
4	0011571
4	0011338
4	001111106
4	0011010165
4	00110011381
4	00110011299
4	001100106
4	001100100000306
4	00110001010165
4	0010100065
4	001000100111299
4	00100000010165
4	0001578
4	0001571
4	000101016
4	00010011602
4	000100100111299
4	000100010111299
4	000100010001000101010000306
4	000100010001000100110000306
4	0001000100000000299
4	00001111111165
4	000011111111334
4	000011111111299
4	00001111111065
4	000011110000001065
4	000011110000000074
4	00001110338
4	000011100000299
4	000011100000000074
4	00000111639
4	00000101474
4	000001010101612
4	00000100266
4	00000011266
4	00000011000165
4	00000001338
4	00000000597
4	0000000011111111299
4	0000000011110000299
4	0000000001000100612
4	0000000000100010612
4	0000000000000000642
3	11111110299
3	11110111011111110011391
3	111101110111011101110100391
3	111101110111011101110000391
3	111101110111011101010000391
3	111101110111011101000000391
3	11110111011101110011391
3	1111010165
3	1111001165
3	11110011602
3	11110011266
3	111100110011001111110001391
3	111100110000299
3	11110010001000000011391
3	11110001359
3	11110000111065
3	111100000100010001000000391
3	11110000001000100011391
3	111011100000299
3	1000578
3	10001000266
3	1000001065
3	0111578
3	01111110391
3	011101110111011100010111391
3	011101110111001000100010391
3	011101110101000100010001391
3	011101110011312
3	01110101580
3	011101010101010101000101391
3	011101010101010001010100391
3	011101010101001000100010391
3	011101000100334
3	01110011338
3	01110011309
3	01110010391
3	01110010266
3	0111001001110010391
3	0111001001110001391
3	011100100000338
3	0111000119
3	011100010001010101010100391
3	01110000612
3	011100000111299
3	01110000011101010101391
3	01110000010100010001391
3	011100000010299
3	0110578
3	0110000065
3	0101011165
3	010101116
3	01010111508
3	010101010101010101010101391
3	010101010000312
3	010100100111299
3	010100016
3	010100000000556
3	01000111391
3	010001000111309
3	01000001391
3	01000000334
3	010000001111299
3	00110101266
3	001101006
3	00110001266
3	0010575
3	001011110000000074
3	00100111391
3	001001110000299
3	001000116
3	00100011334
3	001000100111309
3	00100010000065
3	001000100000309
3	00010101602
3	000100110000299
3	000100010111309
3	000100001111299
3	000011110000000165
3	000011110000000065
3	000011101110612
3	00000110642
3	00000100578
3	00000011578
3	000000110000000065
3	00000010578
3	00000010001065
3	00000001359
3	00000000010100000000299
3	000000000000571
3	0000000000001111266
3	0000000000001110299
3	0000000000000111299
2	1111111111110001391
2	111111110010391
2	1111111100006
2	111111100010299
2	11110111359
2	11110111299
2	11110111011111110001391
2	11110111011101110001391
2	11110101602
2	11110101359
2	11110100580
2	11110100359
2	11110010391
2	111100101111299
2	111100100011299
2	111100100010001000100000391
2	1111001000100000391
2	111100100000001074
2	1111000165
2	1111000119
2	11110000555
2	111100001111326
2	111100000010001000100000391
2	11110000000165
2	111100000000391
2	11110000000000100000391
2	1111000000000000391
2	11100000642
2	111000001111299
2	1110000011106
2	100065
2	100010000000299
2	1000000065
2	0111571
2	0111338
2	011111110000299
2	011101110111309
2	01110111011101110010307
2	011101006
2	011101000101299
2	0111001165
2	01110010602
2	011100100010334
2	011100100000307
2	01110001612
2	01110001266
2	011100010111299
2	01110001001000100010391
2	0110612
2	0110571
2	0110526
2	0110474
2	0110334
2	011001110000299
2	01100101266
2	01100000299
2	0101578
2	0101571
2	0101306
2	01011111338
2	01010111602
2	010101010101010101000000306
2	010101010101010100010000306
2	0101010101010010326
2	01010011299
2	01010010612
2	01010010602
2	010100106
2	010100010000306
2	01010000010100100010327
2	0100453
2	010001016
2	01000101010000100010327
2	01000100532
2	010001000101299
2	01000100010065
2	0011306
2	001100116
2	0011001100116
2	00110010359
2	001011100010299
2	00100101639
2	001000100000338
2	00100001602
2	00100000359
2	000111110000000074
2	00010100299
2	000101000111299
2	000101000101299
2	000101000000307
2	00010011266
2	00010010299
2	000100100000307
2	00010001381
2	000100010101299
2	0001000100016
2	00010001000100010011301
2	000100010001000100010000306
2	000100010000306
2	000059
2	00001111642
2	00001111639
2	00001111338
2	000011111111642
2	000011110000111174
2	000011110000011165
2	000011110000010165
2	000011110000010065
2	00001000526
2	000001110111359
2	00000111010165
2	000001110000359
2	00000101266
2	00000101010165
2	00000100612
2	000001000100000065
2	00000011359
2	00000010612
2	00000010338
2	000000100011299
2	00000000554
2	0000000001016
2	0000000000116
2	00000000001100000000299
2	000000000010639
2	000000000000111165
2	0000000000000010299
2	00000000000000100010327
2	0000000000000000338
2	00000000000000000011299
1	612
1	539
1	474
1	1111575
1	11111111580
1	11111111222
1	111111111111612
1	111111111111391
1	1111111111111111391
1	1111111111111111359
1	11111111111111110101391
1	111111111111001100110001391
1	111111110001391
1	111111110000555
1	111111110000111174
1	111111101111299
1	111111100001299
1	111101110111011101110010391
1	111101110111011101110001391
1	111101110100000001000100391
1	111101110100000000100100391
1	111101110010000000010010391
1	111101110001000000100001391
1	111101016
1	11110101266
1	111101011111299
1	111101010111011101110100391
1	111101010101010101010100391
1	111101010100011100100100391
1	111101000111011101110100391
1	111101000100010011110100391
1	11110100010000000100391
1	111100110101299
1	111100110011001100110010391
1	111100110010011101000010391
1	111100110000001174
1	11110010612
1	11110010602
1	11110010266
1	111100100010299
1	111100100010001000100010391
1	111100100001299
1	11110001602
1	11110001266
1	111100011111010001000100391
1	111100010001299
1	111100010001000100010001391
1	111100010001000100010000391
1	111100010001000000000001391
1	11110001000065
1	111100010000391
1	111100010000000074
1	11110000010001000100391
1	111100000011299
1	111100000010299
1	11110000000100010001391
1	111100000001000100010000391
1	1110575
1	11101110222
1	111000011111299
1	1000602
1	10006
1	10001000642
1	10000010299
1	10000000642
1	10000000266
1	100000000010299
1	01111111612
1	01111111602
1	011111116
1	01111111359
1	011111111111359
1	01110111011111110011391
1	01110111011111110001391
1	011101110111000001010010391
1	01110110299
1	01110101602
1	01110101391
1	011101010000000000000000391
1	01110100612
1	01110100338
1	011101001111111111110101391
1	01110100111065
1	011101000111312
1	011101000111011101000010391
1	0111010001110101391
1	011101000111010101010101391
1	011101000000000000000000391
1	01110011580
1	0111001119
1	011100110111612
1	011100106
1	01110010338
1	011100100111312
1	01110010001165
1	011100100011299
1	011100100010299
1	01110010000100010001391
1	01110001111065
1	011100010111011101110001391
1	011100010101299
1	011100010011299
1	011100010001334
1	011100010000000000000000391
1	0111000011111111359
1	01110000011165
1	011100000100299
1	011100000000000074
1	0110580
1	0110575
1	011019
1	011011110000299
1	0110010165
1	01100101602
1	011001016
1	0110001065
1	01100010000065
1	01100000011065
1	011000000000000074
1	010111110000299
1	01010111391
1	01010111001165
1	010101110001359
1	01010110359
1	01010101580
1	010101010111000001110100391
1	010101010101312
1	01010101010101010100307
1	01010101010101010100301
1	01010101010101010001307
1	01010101010101010001301
1	0101010101010100326
1	010101010101010001010100391
1	0101010101010001326
1	01010100602
1	01010100580
1	01010100266
1	010101000111011101000010391
1	0101010001110101391
1	01010100010165
1	010101000101299
1	010101000000307
1	01010011359
1	01010010359
1	01010010011165
1	01010001602
1	01010001580
1	01010001266
1	010100011111299
1	01010001001000100010391
1	010100010001010101010100391
1	010100010000307
1	01010000359
1	01010000011165
1	01010000010165
1	01010000000165
1	010100000000000074
1	0100554
1	010011110000299
1	01000111299
1	01000111266
1	01000111011165
1	010001110000000074
1	010001100000011074
1	01000101639
1	01000101391
1	01000101266
1	01000101010001000100327
1	01000101010000010001327
1	01000100580
1	01000100391
1	010001000101309
1	0100010001006
1	010001000100334
1	01000011639
1	010000116
1	010000110000299
1	01000010299
1	01000010266
1	01000001266
1	010000011111299
1	01000000359
1	0100000001110111359
1	01000000010065
1	0100000001000010326
1	00111111299
1	00110100011165
1	001100110000001174
1	001100100111299
1	00110010001165
1	00110001001165
1	001100010011299
1	0011000100110100333
1	0011000100110100326
1	0011000100110001333
1	0011000100110001326
1	00110000359
1	00110000000165
1	001060
1	00101111111165
1	00101111000065
1	001011101111299
1	00100111266
1	00100101299
1	001001010000299
1	0010010065
1	00100011602
1	00100010639
1	00100010108
1	00100010011165
1	001000100011299
1	001000100010334
1	00100001639
1	00100001359
1	00100000111065
1	001000000100299
1	001000000010299
1	0010000000100010333
1	0010000000100010326
1	00100000000074
1	0001306
1	00011111000065
1	000111100001299
1	000101110111612
1	00010101639
1	00010101338
1	0001010119
1	000101010101612
1	00010100266
1	0001010019
1	000101000000000074
1	00010011639
1	00010011359
1	00010011338
1	00010010266
1	00010010000065
1	000100010011299
1	00010001000100010001301
1	000100010000556
1	000100010000307
1	000100010000000174
1	000100010000000074
1	0000565
1	000011111110299
1	000011110001391
1	00001110612
1	0000111000000000266
1	0000100065
1	00001000474
1	000010001000299
1	00000111011101110011391
1	00000111011101110001391
1	0000011100000000299
1	0000011065
1	00000110602
1	00000110359
1	000001100110612
1	000001100101299
1	00000110010065
1	00000101578
1	000001010101010101010101391
1	00000101000165
1	000001010000526
1	000001010000010174
1	000001010000001165
1	00000100391
1	000001000111299
1	00000100011065
1	0000010001000100359
1	000001000000010074
1	000000110000526
1	0000001100000000299
1	000000100010299
1	000000100010001074
1	000000100001299
1	000000100000001074
1	000000100000000165
1	00000001000165
1	000000010001642
1	000000010001299
1	000000010001000065
1	000000010000000165
1	00000000348
1	0000000011116
1	000000001111359
1	00000000108
1	000000001000299
1	0000000001110111359
1	000000000110299
1	000000000101474
1	0000000001010000266
1	000000000100474
1	0000000000110000266
1	000000000001000165
1	0000000000005
1	00000000000011111111612
1	0000000000000101299
1	0000000000000100333
1	0000000000000100326
1	0000000000000100299
1	0000000000000001299
1	0000000000000000602
1	00000000000000006
1	0000000000000000359
1	00000000000000000111299
1	00000000000000000101299
1	0000000000000000010000000000299
1	00000000000000000010299
1	000000000000000000000000612
