111852	0000299
82054	1111299
69799	000000000000299
50727	00000000299
50531	111100000000299
44421	11116
39297	00000000612
34927	00006
29017	000065
28985	1111602
28065	0000526
26937	11111111602
25366	299
20848	11111111299
20203	111065
19862	11110000266
19296	0000000065
17943	1111224
17559	00000000642
17259	1111108
17201	0000474
16913	00000000266
16690	11111111642
16650	0000224
16500	0000338
16246	111119
14685	111111110000299
14495	11111111266
14021	000000006
13697	1111111165
12301	1111580
11526	1000299
11181	1111474
11163	100000000000299
10945	1111338
10752	11111111612
10714	11111111338
10705	11111111111165
10612	0010299
10494	001000000000299
10045	1110334
9892	1111526
9875	00001111299
9853	11111111111111111111327
9721	111165
9665	111111116
8561	000019
8471	00000000338
6753	00000000000065
6610	0000612
6520	00000000526
6297	111111111111327
5568	0000000000000000299
5509	00000000334
5406	111000000000299
5401	43
5359	74
5244	11101110612
5063	11111111334
5021	1110111165
4922	00001111602
4898	00000000602
4851	0000111100000000299
4842	0000111119
4838	00000000000000000000612
4836	0000000011111111612
4832	111111110000000074
4822	593
4808	1111642
4187	0000000000006
4084	0000359
4067	0000578
3501	0000602
3075	10000000266
2954	0000580
2865	111111111111338
2798	00100000266
2525	11101000334
2484	11100010334
2270	000000000000327
2175	0000108
1794	0100299
1578	000000000000612
1439	1111111111111111333
1433	1111111111111111326
1354	00001111526
1302	0000575
1280	00000000474
1239	0000348
1195	0000571
1128	010000000000299
1014	0000000019
992	000000000000338
957	11111111326
947	11111111333
910	0001299
856	00000000359
847	00000000580
817	00000000000000000000299
811	00000000598
783	00000000000000000000327
691	1111359
679	000011116
678	11110000299
650	000010000000299
606	1110299
601	01000100612
592	1111612
558	000100000000299
532	30
501	000010106
484	000000000000602
482	1111453
479	10101010642
473	1010359
468	1010224
466	0000642
460	0000000000000000612
459	11110000338
452	000000000000474
450	111111110000338
444	0000010065
442	01000000299
417	000000000000000074
415	10100000642
407	10011001612
401	01010101612
386	000011110000299
380	0101453
377	11111111532
372	10001000642
372	01010101532
370	1000224
363	110165
354	10006
342	1111334
342	10001000612
337	000010006
334	01000000266
330	639
324	01006
323	01010000391
319	100100000000299
307	110065
300	1000359
299	10001000111165
298	00000000222
297	00100010612
293	0000100065
289	000000000000555
282	0000111165
274	01010000580
274	000011110000000065
267	00000000000019
261	00106
257	11110000000065
257	000000000000266
255	000001000000299
254	10000000642
251	000000000000000065
245	10101010612
244	101101100000556
244	100100010000338
244	00000000555
243	11111000334
241	111100006
240	0000554
239	10001000299
237	00100010642
233	1011299
231	1101299
230	0000334
228	100065
224	0110299
222	110100000000299
221	11011101612
216	000000000000326
213	0000001065
211	00100000299
210	011000000000299
199	00000000578
198	10011001642
198	010065
197	000010016
197	000000100000299
193	1001359
192	1010299
192	1001224
191	1111000065
190	0111299
186	000010010000000065
184	11110000642
184	110000000000299
184	101000000000299
184	10010000000065
180	00000000639
179	000000010000299
175	1001299
173	0101299
171	000000106
168	65
167	1000602
164	10100010299
164	00010001612
163	0000011165
162	00001000299
161	0010224
160	1100299
154	000165
153	109
152	10010000299
152	0010359
152	000000000000556
151	011165
150	101100000000299
150	0001224
149	11106
149	000000000000642
148	00000000000000000000326
147	00000000556
146	00000000333
145	11001100612
145	00000100299
144	011100000000299
143	11111000299
140	00001000602
140	00000000326
139	01000100642
139	0000000068
138	11110101111165
136	010100000000299
136	00000010299
134	0000000000000000109
133	001065
131	00010001642
128	11111100111165
127	001000000000556
126	01110000299
122	01110111612
121	10100000299
121	10000000299
121	0100224
120	00010000266
120	000000016
119	0100010065
118	0010602
117	0000000000000000474
114	10111011642
113	11001100642
113	1000000065
112	00001111612
111	000011006
109	1111575
106	11110010299
104	0100526
103	0100602
103	00016
101	1100359
101	1100224
101	00000010602
97	11110010334
97	1110474
97	001000100000338
97	000011016
96	00010000299
94	010019
94	000001006
92	1101224
92	100165
91	1111111119
91	10106
89	11011101642
89	000100006
87	1011224
87	0001526
85	1000612
85	10000000000065
84	11000000556
84	10010000338
83	1101359
83	100019
83	000011111111612
83	00000100602
82	110010000000299
82	0001474
81	000000001111299
80	11000000338
80	01000000000065
76	11100000266
76	0100474
76	0010000065
76	00000001299
75	0100359
75	00100010299
75	00001110526
75	000010116
74	1011359
74	000000000100299
72	10110000642
72	0110474
71	11000100299
71	01100110612
70	111110000000299
70	0100000065
69	101000100000338
69	101000000000556
68	11110000580
68	100010006
67	111019
67	01000100299
66	11010000338
66	1100334
66	11001000334
65	1101334
64	10110110111165
64	10010001299
64	00001110299
64	000000000000222
63	1110526
63	0001602
62	0010612
61	100100100000299
61	00100000000065
61	0000100000000000299
60	11101110642
60	110111010000338
60	110101010000556
60	10116
60	0000000000000000326
59	111100100000299
59	0000000165
58	11016
58	1100111165
58	00010000338
56	110101010000338
56	101000100000556
56	10100000338
56	010100000000000000000000391
56	010001006
56	0000001000000000299
55	1111348
55	10010001000065
55	0110010065
54	1110359
54	110101000000299
54	00001110602
54	000000005
54	000000000000581
53	11110000602
53	010000006
53	000010010001000065
53	000000000010299
52	10110000266
52	001000106
51	101165
51	1011602
51	1000100065
51	0111000065
50	1000580
48	11010101111165
48	11010100334
48	10100000266
48	01000100334
48	001019
48	0001359
48	000100010000338
48	0001000065
48	000010000000000065
47	11001000299
47	01000100266
47	00001111266
46	10001000338
46	0110526
46	0001612
45	111101010000556
45	11110000391
45	11100000556
45	10110110101110001000327
45	101010000000299
45	100110010000338
45	01100100299
45	0100612
45	001010100000556
45	000010010000299
44	526
44	00001111474
44	0000010000000000299
43	11010000299
42	111101010000338
42	11000000642
42	101000100000299
42	0100348
42	01000000642
42	001010100000338
42	00010001338
42	000011106
42	0000000000000000266
41	111011106
41	1100010065
41	1001000065
41	00000111612
41	000001000000000065
40	1110224
40	101065
40	01100000266
40	0101010065
40	01010100299
40	000001116
40	000000001000299
39	11110100580
39	110100006
39	10110001299
39	1010612
39	10010000642
39	01110111642
39	0010526
39	0000111065
39	00000110299
38	10001000602
38	011101110000299
38	010001000000299
38	0000101065
38	00000111602
37	11110100299
37	11100100334
37	111000006
36	11011101338
36	11010100299
36	0111359
36	0111334
36	010119
35	11111111000065
35	1011101165
35	0101612
35	01000100338
34	1110612
34	1110111065
34	110100010000299
34	01000100359
33	11110000639
33	10001000334
33	01110111299
33	0010001065
33	00010000000065
32	11111111508
32	11110101100165
32	11101111612
32	11006
32	1100110165
32	1011612
32	10001000359
32	0111453
32	000000100000000065
32	000000010000000065
31	111111000000299
31	11000000266
31	10111011602
31	10011001338
31	10001000266
31	011100006
31	01016
31	0101474
31	0010580
31	00100000001000100010327
31	00010001299
31	0000312
31	0000309
31	0000000100000000299
31	000000001110299
30	111111111111299
30	11111101299
30	111100001111327
30	1110580
30	11100000338
30	1100612
30	101119
30	0111224
30	01110000391
30	01106
30	0101602
30	0101526
30	01000100602
30	00000111299
29	11111111391
29	11100010299
29	1000526
29	100000006
29	00001110266
29	00001011299
29	0000100165
29	00000101508
29	00000000391
28	10111011612
28	1011000165
28	101000010000299
28	101000000000338
28	1001575
28	1000348
28	0010111165
28	000119
28	000011010000000065
28	00000110602
28	000000000000526
27	11111111580
27	1111001001110100391
27	1101474
27	11011001299
27	10110001334
27	011101000000556
27	011101000000338
27	011001000000556
27	00100010359
27	000011111111000065
27	00001010299
27	00000110526
27	00000000100000000000299
27	000000000000312
27	000000000000309
26	11110000111111111111391
26	1101612
26	1100474
26	1011580
26	1000334
26	1000111165
26	0111612
26	001000100010299
26	00000000224
26	0000000000000000333
25	0010474
25	00000001602
25	00000000001000000000299
25	000000000001299
25	00000000000000100010327
24	11110101110165
24	11110101000165
24	1101526
24	11010000642
24	1100100165
24	1100000165
24	1011338
24	10111111299
24	1000474
24	01110000266
24	0110100065
24	00100010602
24	00100010334
24	0001000165
24	0000110165
24	0000000000001111299
23	010165
23	0010334
23	00100010338
23	00001000266
22	11111110299
22	111100010000299
22	1100526
22	110019
22	10111011299
22	01010000266
22	010001000100299
22	00001110474
22	00001100602
22	000011000000299
22	000010100000299
22	000001110000299
21	111101000000299
21	1101000065
21	10111011266
21	101110110000299
21	101019
21	1001100119
21	1000453
21	100010001000100010001000391
21	01000000338
21	0011299
21	001100000000299
21	00100000642
21	00010001602
21	000060
20	111110000000338
20	11100000299
20	110000100000299
20	1010580
20	1001612
20	100010001000299
20	010100006
20	001101100000556
20	0001575
20	00001101602
19	11110101309
19	11101110602
19	01110010334
19	0011526
19	00010000642
19	000000001111474
19	00000000111000000000299
19	00000000000100000000299
18	111111110000312
18	1110348
18	11101110266
18	1110100065
18	11010000000065
18	110000006
18	1011526
18	1011474
18	10010000266
18	011119
18	01100110642
18	0100111165
18	00100010266
18	001000100000299
18	00001110111065
18	00000000010000000000299
17	1111001065
17	11010001334
17	11010000266
17	1011108
17	1010474
17	100100006
17	100000100000299
17	0100580
17	010010006
17	010001000000338
17	010000100000299
17	0010348
17	001000006
17	00001111578
17	00000100526
16	111111110101312
16	1111111065
16	11111011299
16	11110101338
16	111100100010001000100000391
16	11110000111165
16	1101575
16	11010001299
16	1001526
16	100010000000299
16	0110001065
16	0011474
16	00000010639
16	00000000111100000000299
16	000000000100474
15	11111110580
15	11111110391
15	111110111011101110110110391
15	11110000001065
15	101110111011327
15	10110110101100100010327
15	1001474
15	100010000000338
15	01110100334
15	011100100000299
15	0100338
15	000100016
15	00010001334
15	0001000119
15	00010001000065
15	00010000639
15	000011010000299
15	00001100299
15	00000001639
15	000000000101299
15	0000000000001110474
15	000000000000109
14	11111000580
14	111100001111299
14	11101110299
14	111010000000299
14	111000100000299
14	10111111111165
14	101100100000299
14	101100010000556
14	101100010000338
14	101001000000299
14	100010010000299
14	10001000110165
14	10001000100165
14	10001000000165
14	100010000000556
14	010000106
14	0000110065
14	000010001000612
14	00000100639
13	10111111101111111111327
13	101110116
13	0111011165
13	01110010299
13	01100110602
13	0100578
13	0100571
13	0100001065
13	0001348
13	000100000000556
13	00001000526
13	00000110011065
13	00000100474
13	000000000000359
12	1111110165
12	111101106
12	111101001010011011000100391
12	11110000359
12	1111000019
12	1110101165
12	1101110119
12	10111011334
12	1010000065
12	10016
12	1001000165
12	1000100019
12	011110000000299
12	0110111165
12	01101110602
12	01101000602
12	0100010019
12	00100010000065
12	00100000639
12	0001111165
12	00010001266
12	00001110011065
12	00001011602
12	00000000000000001111299
11	1111578
11	11110010580
11	11101000602
11	111001000000299
11	110119
11	1101100165
11	11000000299
11	10111011338
11	01110000642
11	010011110000299
11	00001000000065
11	000000100010612
11	000000010001612
10	111111111111111111111111391
10	11110001580
10	11110001299
10	111100001110299
10	1110602
10	1100338
10	100119
10	100011110000299
10	10001000532
10	011065
10	01100000299
10	01000000639
10	001011110000299
10	00010001359
10	000100010001299
10	00001101299
10	00001010526
10	00000010474
10	00000010266
10	000000001010299
10	0000000010006
10	00000000000000000000474
9	1111571
9	11111111359
9	111111111111111111111000391
9	111111106
9	111110011001100110010001391
9	1111100065
9	111110001010011011001000391
9	111100101010011011000010391
9	111100000000309
9	1110001065
9	1110000065
9	11011111612
9	11011101602
9	110111016
9	1101010065
9	1100100065
9	1100000065
9	10110000299
9	10100000101000100010327
9	01111111299
9	011101000000299
9	01110000000065
9	01001111299
9	01001000299
9	0010338
9	0010001019
9	000110006
9	0000101100000000299
9	00001010602
9	00001001299
9	000001110111612
9	000001106
9	0000000010111011612
9	000000000111299
9	000000000110299
8	79
8	328
8	1111554
8	111111111111312
8	111111110000000000000000391
8	11111110602
8	11111100391
8	11111010299
8	11111000391
8	111110001000000010000000391
8	111101000100000001000000391
8	111100110000338
8	111011110000299
8	11101000299
8	11100100299
8	11100000642
8	1100312
8	1100309
8	10111011101165
8	101110110000000074
8	10110110110165
8	10110110100165
8	10110110000165
8	1010348
8	1000578
8	10000000612
8	1000000000000000299
8	0111474
8	0110011065
8	01100010602
8	0101348
8	01010101266
8	01010000299
8	01001100338
8	010001000000010074
8	01000000612
8	010000000000000074
8	00100000602
8	0001580
8	0001101165
8	00001111111165
8	00001010266
8	00001000474
8	000001016
8	00000101299
8	00000001474
8	000000001100299
8	000000001011299
8	000000000000328
8	000000000000100065
7	111111111111111100011111391
7	1111111019
7	11110101580
7	111100101111299
7	11110000612
7	111100000000000074
7	111010006
7	111001106
7	111001016
7	11011101000065
7	11001100602
7	1011348
7	1010602
7	1010526
7	10101010602
7	10101010266
7	101010100000299
7	10100100299
7	101000006
7	100110010000299
7	10010001338
7	1000338
7	1000101065
7	1000100000000000299
7	10000000602
7	10000000359
7	01110000602
7	011100001000299
7	0110338
7	01010101642
7	01010101602
7	0100334
7	0100111065
7	01001010266
7	010001016
7	00110011612
7	000011011101000065
7	0000101119
7	000010101010612
7	0000100119
7	00001000578
7	00000100338
7	000001000000000074
7	00000010359
7	00000001526
7	00000000342
7	000000000000334
6	338
6	111111111111111110000000306
6	111111111111100010001000391
6	111111111111010001000100391
6	111111111011010001000100391
6	111111111011001000100010391
6	11111110266
6	111111100000299
6	11111100299
6	111110110000299
6	1111101065
6	111110000000306
6	11110100391
6	11110010391
6	111100100010001000100010391
6	111100100010000000100000391
6	11110000326
6	1110338
6	1110010065
6	111001006
6	110011000000299
6	1011642
6	1011453
6	10110000000065
6	1010111165
6	10101000299
6	10100010101010001000327
6	10100010101000100010327
6	10100000101001000100327
6	10011000299
6	10001010299
6	10001001299
6	0111100065
6	011101110111299
6	01001111391
6	010011006
6	01001010299
6	01000110602
6	010001000000309
6	01000010602
6	001000100000309
6	00100000612
6	001000000000000074
6	0010000000000000299
6	000111110000299
6	00001110578
6	00001101526
6	000010000000000074
6	00000100359
6	000001000100612
6	00000100000065
6	00000010000065
6	000000100000000074
6	0000000001001111266
6	0000000001001110266
6	000000000000001065
5	11111111111111110101391
5	1111101165
5	111110101010101010100000391
5	111110001000100010001000391
5	111100011111299
5	1111000011111111359
5	111100000000000000000000391
5	111011100000299
5	11100000000065
5	1101110165
5	11011101299
5	1100602
5	11001100266
5	1011111165
5	1011111110111111333
5	10111011333
5	10111001299
5	10110100299
5	1010100065
5	1010010065
5	1001580
5	1001100065
5	1000571
5	10001111602
5	10001100299
5	10001000580
5	100010001000312
5	100010001000309
5	10001000100010001000307
5	1000001065
5	10000000639
5	100000000000000074
5	0111580
5	0111554
5	01110111532
5	01110111011165
5	0111001065
5	0111000019
5	011019
5	01100100602
5	0100011065
5	0011612
5	0010578
5	0010571
5	0010100065
5	001010006
5	00101000266
5	0001338
5	000100100000299
5	00001111639
5	00001111359
5	000011110000266
5	0000111000000000299
5	00001101266
5	00001011526
5	000010111011612
5	00001000639
5	00000111578
5	00000111266
5	0000000119
5	00000000532
5	00000000001065
5	0000000000100010612
5	0000000000010001612
5	00000000000074
5	000000000000575
5	000000000000010065
5	00000000000000001110299
4	11111111381
4	111111111100312
4	111111111100309
4	111111110100010001001111391
4	11111101580
4	11111101110111110101391
4	111111011101110101001101391
4	11111100580
4	11111100338
4	11111010602
4	11111010266
4	111110101010101010100010391
4	11111000639
4	11110011299
4	1111001019
4	111100010001000100010001391
4	11110000334
4	11110000111111011101391
4	11110000010065
4	111100000010001000100000391
4	111100000000109
4	11101111359
4	111011006
4	1110011165
4	11100010602
4	111000106
4	111000000000000074
4	1101580
4	1101348
4	1101111165
4	11011101334
4	11011101266
4	110101106
4	1100453
4	1100348
4	11001101602
4	110010006
4	110010001000100010001000391
4	110001106
4	110001000000306
4	1011111110111111326
4	10111011326
4	1011100165
4	10110010299
4	10110000639
4	10101010381
4	10101010299
4	101001001111299
4	1010001065
4	10100010110065
4	101000100000306
4	10100001299
4	10100000110065
4	10100000000065
4	10011001334
4	10010001334
4	100010001000100011000000306
4	100010001000100010100000306
4	100000010000299
4	10000000338
4	0111526
4	011111106
4	011101106
4	011101100000299
4	01110001334
4	01110001299
4	011100010000299
4	0111000001110111359
4	0110359
4	0110348
4	0110224
4	0110110165
4	0110110065
4	0110011165
4	01100110266
4	0110000165
4	011000006
4	010101006
4	010100106
4	010100100000299
4	01010000338
4	010001106
4	01000110299
4	010001001111299
4	01000100000065
4	01000010266
4	010000001110299
4	0100000000000000299
4	00110000266
4	0010575
4	00101000299
4	0010001000000000299
4	001000001111299
4	000011111111334
4	000011111111299
4	000011110000000074
4	00001110338
4	000011100000299
4	000011100000111165
4	000011100000000074
4	0000110119
4	00001101110165
4	00001100526
4	0000101165
4	000010110000299
4	00001010578
4	00001010101065
4	00000111526
4	00000111011165
4	00000010526
4	00000001266
4	00000000597
4	0000000011111111299
4	0000000011110000299
4	000000001110474
4	0000000000106
4	0000000000000000642
3	11111111111111111000307
3	111111111111111110001111391
3	111111111111111101001111391
3	111111111111111100101111391
3	111111111111001000100010391
3	11111111110111010101391
3	111111111011100010001000391
3	111111111000100010001111391
3	111111110010001000101111391
3	111110111011000100010001391
3	11111010580
3	111110101010101011110010391
3	111110101010101001100000391
3	111110101010101000100000391
3	111110100000299
3	11111001580
3	111110011001100110001001391
3	111110011001000110010001391
3	11111000602
3	11111000266
3	1111100019
3	111110001010100110010001391
3	111110001000334
3	111110000000307
3	111101110000299
3	1111010065
3	11110100266
3	1111010019
3	11110010602
3	11110010266
3	11110010001000001010391
3	111100011010011001000001391
3	11110000111065
3	11110000110110011001391
3	11110000100100010001391
3	11110000100065
3	11110000001000101010391
3	1110578
3	11101111508
3	111010100000299
3	11100100602
3	11011111602
3	110111010101312
3	110111010000312
3	11010101338
3	11010100602
3	1101000165
3	11001001266
3	11001000602
3	11001000338
3	11000010299
3	11000000602
3	101111116
3	10111011532
3	10111010299
3	101110011001100110010001391
3	1011011010111000326
3	101100010000299
3	10110000000165
3	10101111299
3	10101110299
3	101010006
3	10100100359
3	101000106
3	1001348
3	1001100165
3	10011001602
3	10011001266
3	100110010000312
3	1000575
3	10001111391
3	100010001111309
3	10001000000065
3	100010000000309
3	10000111639
3	10000100602
3	100001006
3	100001000000299
3	10000010602
3	100000106
3	01111111602
3	011111110000299
3	01111000602
3	011100100000338
3	0110578
3	0110111065
3	011010006
3	01100100334
3	011000100000338
3	0110000065
3	011000000000556
3	0101580
3	0100575
3	010010000000299
3	0100010000000000299
3	010000016
3	01000000602
3	0011602
3	00110110001110001000327
3	00110001000065
3	001100010000299
3	00101111391
3	00101100391
3	00101010334
3	00100000338
3	00100000334
3	00011000299
3	00010000000100100010327
3	000100000000000074
3	00001111011165
3	000011101110612
3	00001100110065
3	000010100000000065
3	00000110642
3	00000010578
3	00000010001065
3	00000001359
3	000000010001000065
3	000000010000000074
3	0000000001006
3	000000000000571
2	1111306
2	111111111111309
2	11111111111111111000301
2	111111111111111100100000306
2	1111111111111100391
2	111111111111000011111000391
2	111111111010391
2	1111111100006
2	111111101000299
2	111111011101110111010100391
2	111111001100110011001000391
2	11111010391
2	1111101010100000391
2	11111010100010001000391
2	11111001602
2	11111000359
2	111110001111299
2	1111100011111000391
2	11110110299
2	11110100359
2	111101001111299
2	111101001010299
2	1111001111110110391
2	11110010359
2	111100101011299
2	111100100000306
2	111100010001000000010000391
2	111100010000000000000000391
2	11110000555
2	111100001111326
2	111100001101299
2	111100001010299
2	11110000000165
2	111100000001000100010000391
2	111100000000391
2	11110000000010100000391
2	1111000000000000391
2	1110571
2	11101111299
2	11101010299
2	11101000359
2	1110000165
2	111000010000299
2	1110000011106
2	11100000010065
2	11010010612
2	1100578
2	1100571
2	110011110000299
2	11001100532
2	11001100381
2	1100001065
2	11000000000065
2	10111111338
2	10111000299
2	101101001111299
2	101100016
2	10110000001065
2	1010306
2	1010111065
2	10101110602
2	1010101065
2	1010101010106
2	10101000602
2	10101000266
2	101010001111299
2	10100100602
2	10100100111065
2	10100010602
2	101000101011299
2	101000011011299
2	10011001532
2	10010100612
2	100100010000306
2	100011110000000074
2	100011101000299
2	1000101165
2	100010100000299
2	100010001111299
2	100010001010299
2	1000100010006
2	100010001000334
2	10001000100010001010301
2	100010001000100010010000306
2	1000010065
2	100001000000307
2	100000100000307
2	1000000165
2	01111010299
2	011101006
2	011101000100334
2	01110010580
2	01110000580
2	011100000010299
2	0110571
2	0110334
2	011011110000299
2	01100111602
2	011001110000299
2	01100101266
2	01100001602
2	01100000011000100010327
2	0100453
2	010011110000000074
2	01001110266
2	010010010000299
2	01000100532
2	010001001111309
2	01000100010065
2	01000010299
2	0011580
2	0011348
2	001119
2	0011111165
2	0010111065
2	0010101165
2	001010106
2	0010011165
2	001001000000299
2	00100011299
2	001000101111309
2	001000101011299
2	00100001299
2	00100000359
2	0001334
2	0001100065
2	00011000266
2	000110000000299
2	000101000000299
2	0001001065
2	000100011011299
2	000100010000299
2	00010000612
2	00010000602
2	000100001111299
2	000059
2	00001111642
2	00001111338
2	000011111111642
2	000011110000111174
2	000011110000100065
2	000011110000010065
2	00001110101065
2	000011100000100065
2	00001101474
2	00001100359
2	00001011474
2	00001011266
2	00001001526
2	00001001474
2	00001000359
2	00001000338
2	000001110111359
2	00000111011065
2	000001110000359
2	00000101602
2	00000100612
2	00000100578
2	00000011299
2	000000110011612
2	00000010612
2	00000001338
2	00000001000065
2	00000000554
2	000000001101299
2	0000000011006
2	00000000101100000000299
2	0000000010106
2	000000001001299
2	000000001000474
2	0000000010001000612
2	00000000011000000000299
2	000000000011474
2	000000000010639
2	000000000001474
2	000000000000111165
2	0000000000001110299
2	0000000000001110266
2	0000000000000011299
2	0000000000000001299
2	0000000000000000338
1	612
1	539
1	474
1	11111111222
1	111111111111612
1	111111111111391
1	111111111111359
1	1111111111111111391
1	1111111111111111359
1	111111111111111111110010391
1	11111111111111110011391
1	11111111111111110010307
1	111111111111101110110001391
1	111111111100391
1	111111111000000000101000391
1	111111110000555
1	111111110000111174
1	111111101111299
1	111111100001299
1	111111100000111074
1	11111101602
1	11111101391
1	11111101266
1	1111110119
1	111111010000000000000000391
1	111111001100111110001000391
1	111111001100111100101000391
1	111111001001299
1	111111000000110074
1	11111011602
1	111110116
1	111110111011101110110001391
1	1111101019
1	111110101111612
1	1111100165
1	11111001391
1	11111001266
1	111110010000000000000000391
1	111110001111111111111000391
1	111110001010299
1	111110001000299
1	11111000100000001000391
1	11111000000065
1	111110000000000074
1	111101110100000001000100391
1	111101110100000000010100391
1	111101110010000010000010391
1	111101101010101010100010391
1	111101006
1	111101001111001000100010391
1	111101000010299
1	111100111111299
1	111100111111111111110110391
1	111100111111101110110110391
1	111100110000299
1	11110010612
1	11110010338
1	11110010111165
1	111100101111312
1	111100101010101010100010391
1	111100100010001011110010391
1	111100100010000000000010391
1	111100100000391
1	111100100000307
1	111100100000001074
1	1111000165
1	11110001602
1	11110001359
1	11110001334
1	11110001266
1	1111000119
1	111100011111312
1	111100010011299
1	111100010001299
1	11110000100010001000391
1	111100000011299
1	11110000001000100010391
1	1110575
1	11101111602
1	11101110222
1	111011000000299
1	111010106
1	111010001010299
1	11100100111165
1	111001000000010074
1	11100010359
1	11100001602
1	111000016
1	111000011011299
1	11100000359
1	111000001111299
1	11100000100065
1	11100000001065
1	1101602
1	1101578
1	11011111508
1	110111110000299
1	110111011101312
1	11011100391
1	1101100019
1	1101010019
1	11010010266
1	1101001019
1	11010001612
1	11010001602
1	11010001338
1	1101000119
1	11010000639
1	11010000359
1	1100580
1	1100306
1	11001111602
1	11001111299
1	11001110602
1	1100110065
1	110011006
1	1100110011006
1	110011000000110074
1	11001000580
1	1100011065
1	11000010602
1	110000106
1	11000010111065
1	10111111101065
1	101111111000359
1	101111110000299
1	101110106
1	10111010100010001000391
1	101110011001000110010001391
1	10111000580
1	101110001111299
1	1011100011111000391
1	101110001011299
1	101110000000299
1	10110111299
1	1011011010110010326
1	10110001580
1	10110001101165
1	101100011011299
1	10110000359
1	10110000111165
1	10110000101165
1	10110000100065
1	101100000000000074
1	101011111111612
1	101011110000299
1	1010101165
1	10101011299
1	1010101119
1	101010111011612
1	101010106
1	101010001011299
1	101010001010299
1	101001006
1	101000101111299
1	1010001010101000333
1	1010001010101000326
1	1010001010100010333
1	1010001010100010326
1	1010000165
1	10100001266
1	10100000359
1	1010000010100100333
1	1010000010100100326
1	10100000100065
1	1001602
1	1001453
1	1001111165
1	10011111391
1	10011110359
1	100110016
1	100110011001312
1	100110001010100110010001391
1	10010100359
1	10010100266
1	10010000580
1	10010000391
1	10001111000065
1	1000110065
1	10001100602
1	10001100338
1	100011000000299
1	100010110000299
1	10001010639
1	10001010602
1	100010106
1	10001010338
1	10001010266
1	10001001338
1	100010001011299
1	100010001001309
1	10001000100010001100301
1	1000011165
1	10000010299
1	10000001602
1	100000016
1	100000010000307
1	100000001111299
1	10000000111065
1	100000000010299
1	0111111165
1	01111110299
1	011110006
1	01110111602
1	01110110299
1	01110100111065
1	011101000111011101000010391
1	01110010602
1	01110010111065
1	01110010100010001000391
1	011100100010334
1	0111000011111111359
1	011100000001299
1	0110580
1	0110575
1	0110010165
1	01100101602
1	011001016
1	011000106
1	01100010000065
1	01100000011065
1	011000000000000074
1	0101359
1	0101224
1	010110006
1	01010110359
1	010101016
1	01010101580
1	010101000111011101000010391
1	010100016
1	0100554
1	01001111000065
1	010010110000299
1	01001010639
1	010010106
1	0100100065
1	01001000266
1	01001000000065
1	0100011165
1	010001100000011074
1	0100010165
1	01000101391
1	01000100580
1	01000100391
1	01000100111065
1	010001001101309
1	01000100108
1	0100000001110111359
1	01000000010065
1	010000000001299
1	01000000000074
1	001165
1	00116
1	00111000266
1	00110110001100100010327
1	00110011642
1	00110011266
1	001100101111299
1	001100006
1	00110000299
1	001100001111299
1	00110000000065
1	001060
1	00101111299
1	00101111266
1	00101111111165
1	001011110000000074
1	00101110266
1	001011010000299
1	00101011299
1	00101010639
1	001010010000299
1	00101000602
1	001010000000299
1	00100111639
1	0010010165
1	00100100359
1	00100010639
1	001000101111299
1	001000100000001074
1	001000100000000074
1	001000010000299
1	001000010000000074
1	0010000000100010326
1	0001578
1	0001571
1	000111110000000074
1	000111101111299
1	000111100001299
1	00011011299
1	00011011266
1	000110110000299
1	000110106
1	000110100000299
1	0001100165
1	00011001602
1	000110016
1	00011000602
1	0001100019
1	0001011165
1	00010111011165
1	000101110000299
1	0001010065
1	0001001165
1	00010011602
1	00010010602
1	000100106
1	000100101111299
1	000100011111309
1	000100011111299
1	000100010000556
1	0001000100000000299
1	00010000359
1	000100000011299
1	0001000000000000299
1	0000565
1	00001111111111110101391
1	00001111111065
1	000011111110299
1	00001111110111010101391
1	000011111100391
1	000011110000001065
1	000011110000000165
1	00001110612
1	00001110359
1	00001110110065
1	000011100000001065
1	000011100000000065
1	0000111000000000266
1	00001101639
1	00001101578
1	000010111011101110110110391
1	000010110000526
1	000010110000101174
1	000010110000000065
1	00001010100065
1	000010100000010065
1	0000101000000000299
1	00001001578
1	000010010000011065
1	000010001010299
1	000010001000299
1	0000011065
1	00000110359
1	000001100110612
1	000001100101299
1	000001100000526
1	00000101526
1	000001010000000065
1	00000100391
1	000001001010299
1	00000100011065
1	000001000100010074
1	0000010001000100359
1	000001000010299
1	000001000000010074
1	0000001165
1	00000011474
1	00000011000165
1	000000101000299
1	000000100010642
1	000000100010299
1	000000100000010065
1	000000100000001074
1	00000001578
1	000000011111299
1	00000000348
1	0000000011116
1	000000001111359
1	0000000011111111359
1	000000001101474
1	00000000108
1	0000000010110000266
1	0000000010016
1	000000001001474
1	0000000001100000266
1	000000000100010065
1	0000000001000100612
1	00000000001100000000299
1	000000000010474
1	0000000000016
1	0000000000005
1	0000000000001111266
1	00000000000011111111612
1	0000000000001101299
1	0000000000001001299
1	0000000000000010333
1	0000000000000010326
1	000000000000000165
1	0000000000000000602
1	00000000000000006
1	0000000000000000359
1	00000000000000001011299
1	00000000000000001010299
1	0000000000000000010000000000299
1	00000000000000000001299
1	000000000000000000000000612
