111852	00000000299
81247	11111111299
69799	000000000000000000000000299
50727	0000000000000000299
49634	111111110000000000000000299
44320	111111116
39297	0000000000000000612
34927	000000006
29017	0000000065
28973	11111111602
28065	00000000526
26915	1111111111111111602
25366	299
20725	1111111111111111299
19788	1111111100000000266
19296	000000000000000065
17559	0000000000000000642
17541	11111111224
17259	11111111108
17201	00000000474
16913	0000000000000000266
16650	00000000224
16500	00000000338
16283	1111111111111111642
16186	1111111119
14671	111111111111111100000000299
14476	1111111111111111266
14021	00000000000000006
13629	111111111111111165
12266	11111111580
11124	11111111474
10941	11111111338
10704	11111111111111111111111165
10555	1111111111111111338
10278	00001000299
10249	000010000000000000000000299
10117	0100101065
10113	001000000000000000000000299
10099	00100000299
9925	1111111111111111612
9857	0000000011111111299
9853	1111111111111111111111111111111111111111327
9840	0110101065
9832	11111111526
9661	11111111111111116
8561	0000000019
8471	0000000000000000338
8143	1111111165
6753	00000000000000000000000065
6610	00000000612
6520	0000000000000000526
6297	111111111111111111111111327
5568	00000000000000000000000000000000299
5509	0000000000000000334
5401	43
5359	74
5047	1111111111111111334
5033	01001010334
4920	01101010334
4898	0000000000000000602
4881	0000000011111111602
4851	00000000111111110000000000000000299
4838	0000000000000000000000000000000000000000612
4836	00000000000000001111111111111111612
4832	1111111111111111000000000000000074
4829	000000001111111119
4822	593
4808	11111111642
4187	0000000000000000000000006
4084	00000000359
4067	00000000578
3501	00000000602
2954	00000000580
2865	111111111111111111111111338
2800	0000100000000000266
2785	010010100000000000000000299
2685	0010000000000000266
2633	0100101001001010612
2497	010010101111111165
2493	0100101000001000334
2467	0110101001101010612
2463	0110101000100000334
2460	011010101111111165
2460	011010100000000000000000299
2270	000000000000000000000000327
2175	00000000108
1578	000000000000000000000000612
1439	11111111111111111111111111111111333
1433	11111111111111111111111111111111326
1343	0000000011111111526
1302	00000000575
1280	0000000000000000474
1248	10000000299
1239	00000000348
1195	00000000571
1014	000000000000000019
992	000000000000000000000000338
957	1111111111111111326
947	1111111111111111333
932	00000100299
920	100000000000000000000000299
862	01000000299
856	0000000000000000359
847	0000000000000000580
817	0000000000000000000000000000000000000000299
811	0000000000000000598
783	0000000000000000000000000000000000000000327
676	000001000000000000000000299
617	1110000165
594	00000001299
554	000000001000000000000000299
532	30
513	00000010299
505	11111111612
502	1110100165
490	1111111100000000299
484	000000000000000000000000602
466	00000000642
461	11111111453
460	00000000000000000000000000000000612
452	010000000000000000000000299
452	000000000000000000000000474
430	00000000100000106
417	0000000000000000000000000000000074
409	0100000001000000612
408	1000001010000010642
403	10000010359
402	1000001000000000642
401	10000010224
390	1000000110000001612
384	0101000001010000612
381	000000100000000000000000299
380	01010000453
377	01001010299
373	1111111111111111532
372	0101000001010000532
367	000000010000000000000000299
367	000000000100000065
333	0100000000000000299
330	639
323	0101000000000000391
316	00010000299
313	10000000224
311	000000001111111100000000299
298	100000010000000000000000299
298	0000000000000000222
289	1100000165
289	000000000000000000000000555
288	1000000010000000642
285	11111111359
274	0101000000000000580
273	1000000000000000266
273	00000000100000006
267	111000010000000000000000299
267	00000000000000000000000019
263	00000000111111116
261	1110000111100001612
259	10000000359
257	000000000000000000000000266
252	111111111111111100000000338
251	0000000000000000000000000000000065
246	100000006
244	101000010110000000000000556
244	100000010000000100000000338
244	0000000000000000555
240	00000000554
236	1000000000000000642
230	11000001299
230	00000000334
219	1000000010000000612
216	000000000000000000000000326
214	010000006
214	0010000000100000612
210	10000000100000001111111165
206	000000001111111165
205	110000010000000000000000299
199	0000000000000000578
196	1000000010000000299
194	0000010000000000266
192	000100000000000000000000299
192	0000010000000100612
190	1100000111000001612
186	0000000010000001000000000000000065
184	10000001000000000000000065
183	1100100065
180	0000000000000000639
175	1000001010000010612
172	10000011299
168	65
168	1111111100000000338
167	00000000100000016
166	1000000110000001642
165	11110001299
163	10000001359
163	10000001224
162	1000000065
162	0010000000000000299
161	11111111000000000000000065
158	0010000000100000642
154	11100001359
154	11100001224
154	1110000111100001642
154	00000000111000016
153	109
152	000000000000000000000000556
151	1000000100000000299
150	10000001299
150	000000000000010000000000299
149	1110100111101001612
149	1000001000000010299
149	000000000000000000000000642
148	0000000000000000000000000000000000000000326
147	0000000011111111000000000000000065
147	000000000000100065
147	0000000000000000556
146	000000001000000065
146	0000000000000000333
144	01000001299
140	01110000299
140	0100000000000000266
140	001000006
140	0000000000000000326
139	11100001299
139	000000000000000068
136	111010010000000000000000299
135	11111111000000006
134	000000000111000065
134	00000000000000000000000000000000109
133	11111001299
132	11100001334
131	01001000299
131	0000000100000001612
130	01100000299
129	11111101299
128	111111110000000065
128	11101001334
128	1110100100001000334
128	0100000065
127	111100010000000000000000299
127	00000000001000006
123	0111000000000000299
123	0000100000001000612
121	000000106
120	000000000010000065
117	00000000000000000000000000000000474
116	1100101065
116	010010000000000000000000299
115	00100000224
114	01001111299
113	010000010000000000000000299
113	0000001000000000266
112	0000000011111111612
111	01001110299
110	000001006
109	111110010000000000000000299
109	0000010000000000299
108	011000000000000000000000299
108	00100000359
108	000010006
107	0000000165
106	111111010000000000000000299
105	000000000100000000000000299
101	000000000000000100000000299
100	011100000000000000000000299
100	0100100065
100	0000100065
99	1111000111110001612
99	000000000010000000000000299
98	10000010299
98	0100111065
98	00001000602
98	000001100000000000000000299
98	000000000000001000000000299
97	1111100165
97	100000110000000000000000299
96	1111110165
96	11101001359
96	11101001224
96	1110100111101001642
96	001000000010000000000000338
96	00000000111010016
96	0000000010000000299
95	001000000000000000000000556
94	00000001224
94	0000000100000001642
93	000000000000001065
93	00000000000000016
90	1110000100000000338
90	00000110299
87	1111110111111101612
87	1111100111111001612
86	1111000165
86	000000000000100000000000299
85	01001010474
84	1000000165
84	1000000100000000338
84	0100100000000000556
83	0000001000000010612
82	00000000110000016
81	0000001065
81	00000001000000006
80	11111111010010001111111165
80	0100100000000000338
80	0000000000001000602
79	0000001000000010642
79	00000001526
79	0000000000000100299
78	0000000100000000266
78	000000001111111111111111612
78	000000000001000000000000299
77	11000001224
77	100000100000000000000000299
77	000000000000010065
76	010011110000000000000000299
76	000000016
75	1111000100000000338
74	1111111100000000642
74	1100000111000001642
74	010000000100000065
74	00000001474
73	1000001000000000299
73	0000010000000100642
72	1110100100001000299
72	10010010359
72	10010010224
72	1001001010010010642
72	1001001000000000642
72	00000000100100106
72	0000000000100000299
71	00100000602
71	0000000100000000299
70	011011106
70	0000010065
69	10000000602
69	1000000000000000299
69	0000010019
68	1111111100000000580
68	1110000110000000334
68	1100010165
68	11000001359
68	010011116
67	0000000000100000602
66	1100000100000000338
66	1000000019
66	0100000001000000642
66	0000100000001000642
66	0000000001001010526
66	0000000001000000299
64	1110000100100000334
64	01101110299
64	0000000000001000299
64	0000000000000010299
64	000000000000000000000000222
63	1111110100000000338
63	1111100100000000338
63	111000011110000100000000338
63	10000000000000000000000065
62	0100111001001110612
62	01000000224
62	000000000000000011111111299
61	100000010010000000000000299
61	010011100000000000000000299
60	110000011100000100000000338
60	110000010100000100000000556
60	100000106
60	10000000612
60	100000000000000065
60	0000000010000000602
60	00000000000000000000000000000000326
59	01000000602
59	00000100224
58	11001010334
58	01001010526
57	11111111575
57	101000000000000000000000299
57	0000000100000000338
56	110000016
56	110000010100000100000000338
56	10100000299
56	100000100000001000000000556
56	1000001000000000338
56	010100000000000000000000000000000000000000000000391
56	0100101000000000266
56	00010000224
56	000000000000000000000100299
55	10000001000000010000000065
55	0100100001001000612
55	00000100526
54	00000110474
54	00000000010000006
54	00000000000000005
54	000000000000000000000000581
53	0000000010000001000000010000000065
52	111111111111111119
52	1110000100100000299
52	1110000100000000299
52	0100111165
52	0010000065
52	0000100000000000299
52	0000000001001010299
51	1111111100000000602
51	0101011065
51	000000000000000165
50	11111111334
50	1100100011001000612
49	101000100000000000000000299
49	100000116
49	1000000100000001299
49	01000000526
49	0001000065
49	000010000000000065
49	0000001000000000299
48	1111100111111001338
48	11000001334
48	001000000000000065
47	111111110010000000000000299
47	1111110111111101338
47	0111011001110110612
47	00000010602
47	000000010000000100000000338
47	00000000101000006
46	1010000010100000642
46	10000011602
46	011100000000000065
46	00000010224
45	111111110100000100000000556
45	1111111100000000391
45	111111011111110100000000338
45	111110011111100100000000338
45	111100011111000100000000338
45	100000011000000100000000338
45	0111011065
45	011000000100000065
45	0110000001000000299
45	0100101000000000556
45	01000000359
45	001000001010000000000000556
45	00000010612
45	0000001000000010299
45	0000000011100001000000000000000065
45	00000000000010006
44	526
44	110010100000000000000000299
44	10100000359
44	00000100602
44	000001000000010065
44	00000010359
44	000000010000000065
44	00000000000000106
43	1111111100100000299
43	1111110100000000299
43	1111100100000000299
43	1111000100000000299
43	110010000000000000000000299
43	1100000100000000299
43	10100000224
43	1000001100000000266
43	00001000000010006
43	0000000001000000602
43	0000000000010000299
42	111111110100000100000000338
42	111111110000100000000000299
42	1100101011001010612
42	11001000334
42	1100100010000000334
42	01000000474
42	01000000010000006
42	001000001010000000000000338
42	0001000000000000266
42	00000000000000000000000000000000266
41	10000000580
41	010010000100000065
41	0100100001000000299
40	11111111348
40	010010001000000000000000299
40	010000010100000065
40	0100000101000000299
40	01000000000000000000000065
40	00001000224
40	0000011000000110612
40	00000100000000006
40	00000100000000000000000065
40	00000010000000000000000065
40	00000000111100016
40	0000000000000100602
40	00000000000001006
39	1111000111110001338
39	1110000110000000299
39	1110000100000000642
39	11000001000000006
39	011011100000000000000000299
39	010011106
38	11110001224
38	011100000111000000000000299
38	0100101001001010642
38	000000001000001065
38	0000000010000000000000000000000065
38	0000000001110000612
37	0100000001000000299
37	010000000000000065
37	0001000000010000642
37	00000001602
36	1111000111110001642
36	11100001000000000000000065
36	1100000111000001338
36	110000010100000000000000299
36	1001001000010000299
36	0101111065
36	00001011299
36	000010110000000000000000299
36	0000000011111111474
35	1111111100000100299
35	1010000010100000612
35	01010000612
35	0100101019
35	00000000010111106
34	1100000011000000642
34	100000010000000065
34	0110100165
34	01001110334
34	00100000001000006
34	0001000000010000612
34	00000100474
34	00000100348
34	0000010000000100266
34	0000000100000001338
34	0000000000000010602
33	1111111100100000334
33	1111111100000100580
33	110000010000000100000000299
33	1000000010000000338
33	0111000001110000299
33	0100000119
33	000001000000000065
33	0000001019
33	00000000000010000000000000000000299
33	0000000000000001299
32	11111111010000011111111165
32	11111111010000011111110165
32	11111111010000011111100165
32	11111111010000011000000165
32	1111111100000000639
32	1110100100000000642
32	1100101010000000334
32	1100000101000000334
32	10100001011000001111111165
32	100000111000001165
32	100000001000000065
32	01110110453
32	010010001110000165
32	010010001100000165
32	0000100000001000299
32	0000011000000000266
32	000000100000000000000000556
31	10100010299
31	1000001110000011602
31	1000000110000001338
31	10000000100000001111100165
31	01011110359
31	01011110224
31	0101111001011110642
31	00000000312
31	00000000309
30	111111111111111111111111299
30	111111110000000011111111327
30	11001000359
30	11001000224
30	1100100011001000642
30	1100100010000000299
30	1010001010100010612
30	1010000101100000101000010000100000001000327
30	1001000010010000642
30	1000010010000100642
30	100000101000000000000000299
30	10000000100000001111110165
30	0111011000000000391
30	01010000602
30	0100101000000000338
30	0010000000100000299
30	0000100000001000334
30	00000100359
30	00000000111111016
30	00000000111110016
30	00000000110010006
30	00000000110000006
30	000000000000000001001010299
29	11110001359
29	110010101111111165
29	11000000359
29	11000000224
29	10000000100000006
29	010010106
29	00001000334
29	0000010000000100299
29	000000001000000165
29	0000000001010000508
29	00000000001000000000000000000000299
29	0000000000000110299
29	0000000000000000391
29	000000000000000000000010299
28	1111111111111111508
28	11111111111111110000000065
28	1111110111111101642
28	1111100111111001642
28	1010001000000000299
28	100100100001000065
28	10010000359
28	100000100001000000000000299
28	100000100000001000000000338
28	100000100000001000000000299
28	100000100000000000000000556
28	100000100000000000000000338
28	10000001575
28	0110111011111111612
28	01100001299
28	000000100000000065
28	0000000011000001000000000000000065
28	00000000100100006
28	00000000100001006
28	00000000100000000000000000000000299
28	0000000001001110602
28	000000000000000000000000526
27	11111111000000100101011000000100391
27	11111101359
27	11111101224
27	11111001359
27	11111001224
27	11000001474
27	1100000110000001299
27	101000100010000000000000338
27	101000100000000000000000556
27	1001001065
27	1001001000010000334
27	10010000224
27	10000100359
27	10000100224
27	01101110011011106
27	010101100000010000000000556
27	010101100000010000000000338
27	01001111580
27	000100006
27	00000110526
27	000001100000010000000000556
27	0000010000000100334
27	0000000011111101000000000000000065
27	0000000011111001000000000000000065
27	0000000011110001000000000000000065
27	00000000000100006
27	0000000000000110602
27	0000000000000110526
27	00000000000000100000000000000000299
27	000000000000000000000000312
27	000000000000000000000000309
26	11110001000000006
26	1110000111000001299
26	1101011065
26	10100010359
26	1000000100000000642
26	0110000101100001612
26	010000016
26	00010000602
26	0000000001110000299
26	0000000001001111266
26	0000000000000000224
26	00000000000000000000000000000000333
25	1111000111100001299
25	1110000111100001338
25	10010000299
25	011000006
25	010010000000100000000000299
25	01000000612
25	0100000019
25	0001000000000000299
25	00000001359
25	000000001000000100000000299
25	000000000000000000001000299
24	11111111010010001111110165
24	11111111010010001111100165
24	11111111010000011111000165
24	11111111010000011100000165
24	11111111010000010000000165
24	1111100111110001299
24	11000001526
24	11000001010000011111000165
24	11000001010000011110000165
24	1100000101000000299
24	10100010224
24	1010001010100010642
24	10000011612
24	10000011338
24	1000001119
24	10000010612
24	1000000010000000359
24	0111000065
24	010011101111111165
24	010010006
24	010010001111000165
24	010010001000000165
24	010010000000000165
24	0010000000000000001000000000001000000010327
24	00010000612
24	00001000359
24	000000001100000165
24	00000000101000106
24	00000000010010106
24	000000000000000000100000299
23	1010000000000000266
23	1000001110000011642
23	1000000010000000602
23	1000000010000000266
23	0100101000000010299
23	0100000000000000642
23	00010000359
23	0000000010000000266
23	0000000000000000000000000010000000100000327
22	1111110111111001299
22	10000000526
22	10000000348
22	0110111065
22	0101111001011110612
22	01001010224
22	00001000000000000000000065
22	00000001612
22	0000000001001010474
22	00000000010000000000000000000000299
22	00000000000001000000000000000000299
22	0000000000000010000000000000000065
22	0000000000000001000000000000000065
21	1100010111000101612
21	110000010000000065
21	100100000000000000000000299
21	1000001110000011266
21	100000111000001100000000299
21	1000001000000000266
21	100000011000000119
21	10000000453
21	100000001000000010000000100000001000000010000000391
21	0100111101001111612
21	01001110000000006
21	0100101000000010334
21	0100000100000000266
21	0100000001000000334
21	001000000010000065
21	00100000000000000000000065
21	00001100299
21	00000011299
21	000000110000000000000000299
21	00000010526
21	000000100000001000000010299
21	0000000060
21	000000001110000100000000299
21	0000000010000011299
21	000000000111000000000000299
21	000000000100111065
21	0000000001000000000000000000000065
20	1111111111111101299
20	11110001526
20	11001111299
20	1100000100000000642
20	1010000000000000299
20	1000001111111111299
20	1000001110000011299
20	10000000000000006
20	01110000612
20	0111000000000000266
20	01101111299
20	01010000299
20	01001010359
20	01001000334
20	0100100019
20	0100100000001000334
20	010010000000001000000000299
20	001000010110000000000000556
20	00010000000000000000000065
20	00000100612
20	0000000011111111266
20	0000000011111111111111110000000065
20	000000001111110100000000299
20	0000000011000001602
20	000000001001000000000000299
20	0000000001100001602
20	0000000001001010602
20	0000000001001000602
20	0000000000000100000000000000000065
20	00000000000000000000000011111111299
19	1111111101000001309
19	111111110000000100000000299
19	11000001612
19	10000011580
19	1000001110000011612
19	10000000474
19	0110000001100000612
19	0100101001000000334
19	0100101000000000299
19	0100100001001000642
19	0100000165
19	0100000000000000338
19	00001000612
19	0000010000000000642
19	00000011526
19	00000010580
19	00000010000000106
19	0000001000000010359
19	0000000119
19	000000001111100100000000299
19	00000000100010006
19	00000000010010006
19	0000000000000000010010100000000000000000299
18	11111111010000011110000165
18	1111111100001000299
18	11111101000000000000000065
18	11111001000000000000000065
18	11110001474
18	11110001000000000000000065
18	1101011011010110612
18	11000001000000000000000065
18	1000100010001000642
18	0111000019
18	0100111000000100334
18	010010100100101065
18	0100000001000000359
18	0100000001000000338
18	00100000526
18	00100000334
18	000010000000100065
18	00000001575
18	0000000000000001602
18	000000000000000001000000299
17	111111110000010000000000299
17	11111001000000006
17	111100010000000065
17	11100001000000006
17	1110000100000000266
17	1100000100000000266
17	10001000359
17	10001000224
17	10000011108
17	10000001000000006
17	0110000165
17	0101011165
17	0100101001001010266
17	0100000001000000602
17	010000000000010000000000299
17	00100000612
17	001000001111111165
17	0000100019
17	0000010000000100338
17	000000100000001000000000299
17	0000000100000001299
17	0000000010000010299
17	00000000000000010000000000000000299
16	111111111111111101000001312
16	111111111100000000000000299
16	1111111101000001338
16	1111111100001000334
16	111111110000100000000000338
16	11111111000000001111111165
16	11111101000000006
16	11110001575
16	11000111299
16	1100011111000111612
16	11000101334
16	1100010100000100334
16	110001010000000000000000299
16	11000001575
16	1100000100000001334
16	1100000100000001299
16	1100000001000000299
16	1010001065
16	101000106
16	10000001526
16	100000000000001000000000299
16	01100111299
16	0110011101100111612
16	010100000000000000000000299
16	01001110580
16	01001000474
16	01001000000000006
16	0100100000000000266
16	010000000100000000000000299
16	00000100000001006
16	0000010000000100359
16	00000011474
16	0000001000000010338
16	0000000011000111602
16	0000000001100111602
16	0000000000000000111111110000000000000000299
16	0000000000000000100000000000000000000000299
16	000000000000000000000100474
15	1111111111111111580
15	1111111111111111391
15	1111111101001010580
15	1111111101001010391
15	111111110010000000100000001000000010000000000000391
15	11100001612
15	1010000101100000101000011000000010000000327
15	1010000101100000101000010010000000100000327
15	101000006
15	1010000000100000299
15	1001000000010000299
15	1000001165
15	10000011224
15	100000111000001110000011327
15	100000001000000010000000299
15	01001010348
15	01001010000000006
15	01001000359
15	01001000224
15	0100100000001000299
15	0010000019
15	0000110000001100612
15	0000100000001000602
15	000000001111000100000000299
15	000000001100000100000000299
15	0000000001001110266
15	000000000000000010000000299
15	000000000000000000000000109
15	00000000000000000000000001001010474
14	111111110010000065
14	1111111100000000111111111111111111111111391
14	11101001612
14	110000010000010000000000299
14	1100000000000000642
14	101000000010000000000000338
14	101000000010000000000000299
14	101000000000100000000000299
14	101000000000010000000000299
14	101000000000000000000000556
14	100100100001000000000000556
14	100100100001000000000000338
14	100100100000001000000000299
14	1001000010010000612
14	1000010000000100299
14	10000011526
14	10000011111111111111111165
14	10000001474
14	10000000100000001111000165
14	10000000100000001110000165
14	10000000100000001100000165
14	10000000100000001000000165
14	10000000100000000000000165
14	100000001000000000000000556
14	01110110334
14	01010110334
14	0101011001010110612
14	010101100000000000000000299
14	01000101526
14	01000101474
14	01000001526
14	01000001474
14	0100000101000001612
14	0010000000100000334
14	0001000000010000299
14	000001100000100065
14	000001000000010000000000338
14	000001000000001000000000299
14	0000001000000000642
14	00000000011101106
14	00000000000100000000000000000000299
14	000000000000000001000001299
14	0000000000000000000000100000000000000000299
13	11001010299
13	11000101359
13	11000101224
13	1100010111000101642
13	10100000612
13	1010000000000000642
13	1001000000000000642
13	1000010000000000642
13	1000001111111111100000111111111111111111327
13	10000011100000116
13	1000001065
13	10000001612
13	100000001001000000000000299
13	100000001000000000000000338
13	0111011000100000334
13	011101100000000000000000299
13	01010000000000006
13	0100111119
13	01001010612
13	0100000001000000266
13	01000000000000006
13	000100000000000000000000556
13	0000101100001011642
13	000010001111111165
13	0000100000001000338
13	0000010000000100602
13	00000010474
13	0000001000000010602
13	0000001000000010266
13	00000001000000000000000065
13	00000000110001016
13	000000000000000011111111474
13	000000000000000000000001299
13	000000000000000000000000359
12	11111101575
12	11111101526
12	111111010000000065
12	11111001575
12	11111001526
12	111110010000000065
12	111100011111000119
12	11100010359
12	11100010299
12	11100001575
12	11100001526
12	11100001453
12	111000010000000065
12	1100111111001111612
12	11000111000000006
12	1100010100000100299
12	110000011100000119
12	1100000011000000612
12	10000110299
12	1000001110000011334
12	100000010000000165
12	1000000100000000266
12	01110110359
12	01110110224
12	0111011001110110642
12	011100000111000065
12	0110111101101111612
12	0110100101101001612
12	01100111000000006
12	01100001000000006
12	011000010000000000000000299
12	01011110334
12	0100111100000000266
12	010010101000001165
12	0100101001001010602
12	01001000526
12	010000000100000001000000299
12	00100000580
12	00100000474
12	000100000001000065
12	000001100010000065
12	00000010348
12	000000100000001065
12	00000010000000006
12	000000010000000165
12	0000000100000001602
12	000000010000000119
12	00000001000000010000000065
12	0000000100000000642
12	000000001111000165
12	0000000011001111602
12	000000001100011165
12	000000001000001000000000299
12	0000000001101111602
12	000000000110011165
12	000000000110000165
12	000000000100100065
12	0000000001000000526
12	000000000000000000010000299
11	11111111000000000010000065
11	11111110299
11	1111111019
11	111000016
11	110010001000000000000000299
11	1100000119
11	110000011000000165
11	10000011474
11	1000001110000011338
11	100000100000000065
11	1000000010000000334
11	100000000000100000000000299
11	01100000526
11	0110000001100000642
11	0101111000001000334
11	0101111000000000642
11	010111100000000000000000299
11	010010110000000000000000299
11	0010000000100000602
11	000010116
11	00000100338
11	000001001111111165
11	00000001000000016
11	000000001110000165
11	0000000010000000526
11	000000000100101065
11	00000000010010100100101065
11	0000000000100000639
11	0000000000000000001000000000000000000000299
11	0000000000000000000010000000000000000000299
10	1111111110000000580
10	1111111101001111299
10	1111111100000000359
10	111111110000000019
10	11111101474
10	11111001474
10	11110011299
10	11110001612
10	111100016
10	1110100100000000266
10	11100001474
10	111000011100000165
10	1100100000000000642
10	11000000612
10	1010000065
10	1000100000001000299
10	1000000010000000532
10	01101110580
10	0110000065
10	01100000474
10	0110000000000000299
10	01000000580
10	0001000000010000359
10	0001000000010000334
10	000100000001000000010000299
10	0001000000000000639
10	000001101000000065
10	00000100578
10	00000100571
10	000001000000010000000100299
10	0000001000000010334
10	0000000011111111578
10	000000001100000000000000299
10	000000001010000000000000299
10	000000001000100000000000299
10	000000001000010000000000299
10	0000000001100000299
10	0000000000100000000000000000000065
10	0000000000010000639
10	0000000000010000000000000000000065
10	0000000000001000000000000000000065
10	0000000000000010266
10	0000000000000000000100000000000000000000299
10	0000000000000000000000000000000000000000474
9	111111111000000110000001100000011000000100000001391
9	111111011111110119
9	111110011111100119
9	111100011110000165
9	1111000100000000266
9	111000011110000119
9	11011110359
9	11011110224
9	1101111011011110642
9	11001111000000006
9	1100000111110011612
9	11000001110000016
9	1100000065
9	1010000019
9	1000100000000000642
9	1000011010000110612
9	1000010010000100612
9	100000001000000019
9	0111000001110000642
9	01110000000000000000000065
9	01101111000000006
9	0100101101001011612
9	0100101001001010299
9	0001000019
9	0001000000010000602
9	0001000000010000338
9	000011000000000000000000299
9	0000100000000000642
9	00001000000000006
9	0000010011111111299
9	000000001111110165
9	000000001111100165
9	00000000110111106
9	000000001100111165
9	0000000011000001299
9	00000000100000110000000000000000299
9	000000000111000001110000612
9	000000000110111165
9	0000000001101110266
9	00000000010101106
9	0000000001000000639
9	00000000000000001000001110000011612
9	000000000000000001110000299
9	000000000000000001100000299
9	0000000000000000010000000000000000000000299
9	0000000000000000000001000000000000000000299
9	0000000000000000000000010000000000000000299
8	79
8	328
8	1111111111111111359
8	111111111100100000000000299
8	111111111010000110100001101000011010000101100000391
8	1111111110000000391
8	111111110110111065
8	111111110000001100000000338
8	1111110100000000266
8	111110011111000165
8	1111100100000000266
8	1111000100000000642
8	111010010000100000000000299
8	11100010224
8	1110001011100010642
8	11010110334
8	1101011010000000334
8	110101100000000065
8	110101100000000000000000299
8	11001000612
8	1100000111000001602
8	10100001011000001111110165
8	10100001011000001111100165
8	10100001011000001111000165
8	10100001011000001110000165
8	10100001011000001100000165
8	10100001011000001000000165
8	10100001011000000000000165
8	10010010299
8	1000100010001000612
8	10000100612
8	10000011100000111000001165
8	1000001110000011000000000000000074
8	1000001100000000299
8	10000010580
8	10000010474
8	1000000119
8	01101001334
8	0110100100001000334
8	011010010000000000000000299
8	01100100526
8	01100100474
8	01100001474
8	0110000000000000266
8	01011110612
8	0101011001000000334
8	0100111019
8	01001100526
8	01001100474
8	01001011299
8	010010100000100065
8	010010100000100000000000299
8	010010100000000065
8	01001000338
8	01001000312
8	01001000309
8	01000000348
8	0100000011000000338
8	0010000000100000359
8	00010000526
8	00010000474
8	00010000000000006
8	00001000580
8	0000100000001000359
8	0000100000001000266
8	000001100100000065
8	00000100000010006
8	0000010000000100000000000000010074
8	000001000000001065
8	00000001348
8	00000000111111111111111165
8	00000000111000106
8	0000000010100000299
8	0000000010000011602
8	000000001000000010000000612
8	00000000011000016
8	00000000010101116
8	0000000001001000299
8	000000000001000065
8	000000000000000001001000299
8	000000000000000000000000328
7	11111111578
7	11111111554
7	111111111111111111111111111111111111111111111111391
7	1111111111100001391
7	111111110100111165
7	1111111101001111602
7	1111111101000001580
7	1111111100000010580
7	1111111100000000000000000000000074
7	111111100000000000000000299
7	1111110119
7	111111011111100165
7	1111100119
7	11110001111100010000000065
7	11110000299
7	1110000119
7	111000011010000110100001101000011010000101100000391
7	11000001110000010000000065
7	10100010580
7	10100000474
7	1001000065
7	10010000612
7	100100006
7	100100000000000065
7	1000001019
7	100000011000000100000000299
7	1000000100000001338
7	100000001111000065
7	1000000000000000359
7	011111110100111165
7	0111000001001111299
7	0111000000000000602
7	011100000000000010000000299
7	011000000110000065
7	01010111359
7	01010111224
7	0101011101010111642
7	010101100000100000000000299
7	0101011000000100334
7	0101001001010010612
7	01001111602
7	01001111474
7	01001111359
7	01001110359
7	0100111000000000266
7	01001010010001016
7	010010100000001000000000299
7	01000101299
7	010001010000000000000000299
7	01000001348
7	0100000101000001642
7	0100000101000001602
7	0100000101000001266
7	01000001000000006
7	0100000100000000299
7	0010000000100000338
7	0010000000000000642
7	0010000000000000639
7	0001000000000000642
7	0000111000001110612
7	000011006
7	0000110000000000299
7	00001011474
7	00001000526
7	0000011000001110602
7	0000011000001000602
7	0000011000000110642
7	00000100580
7	0000010010100010266
7	00000100100000006
7	00000100010000016
7	0000010000001000299
7	000000101111111165
7	0000001000000000000000100000001000000010327
7	0000000100000001266
7	0000000011110001111100010000000065
7	0000000011000001110000010000000065
7	000000001000001119
7	000000001000000119
7	0000000010000000578
7	0000000001001111526
7	00000000010001016
7	0000000001000001299
7	0000000001000000474
7	0000000000010000602
7	00000000000011100000011065
7	00000000000010000000000065
7	0000000000000010474
7	000000000000001000000010612
7	0000000000000000342
7	000000000000000010000010299
7	000000000000000001001111299
7	000000000000000000000000334
6	338
6	111111111111111100000000312
6	111111111111110165
6	111111111000000010000010011000000100100010000000391
6	111111111000000010000000000000001000000000000000391
6	111111111000000000000000299
6	1111111101001111266
6	111111110100111065
6	1111111101000000580
6	111111110100000010000010011000000100100001000000391
6	1111111100010000299
6	1111111100001100299
6	11111111000001106
6	111111110000010010000010011000000100100000000100391
6	1111111100000010299
6	111111110000001010000010011000000100100000000010391
6	1111111100000001580
6	1111111100000000326
6	111111110000000011111111299
6	111111110000000001001111299
6	11111110359
6	11111101612
6	1111110100000000642
6	11111001612
6	1111100100000000642
6	1111000119
6	1110001019
6	111000011110000100000000312
6	111000010000000000000000309
6	11010010299
6	1100101000000000266
6	11000011612
6	110000010100000065
6	110000000000000000000000299
6	10110100299
6	101001106
6	101000110000000000000000299
6	1010001000000000101000100000001000000010327
6	1001000010000000299
6	1001000000000000266
6	10001000612
6	10000011642
6	10000011453
6	1000001000000010100000100010000000100000327
6	1000001000000010100000100000100000001000327
6	1000001000000000100000100000010000000100327
6	100000001111111165
6	1000000010000001299
6	1000000000000000612
6	01111110359
6	01111110224
6	0111111001111110642
6	01110000359
6	011100000111000001110000299
6	01110000000000006
6	0110111019
6	011011101111111165
6	0110111001101110612
6	01101001359
6	01101001224
6	0110100101101001642
6	0110100100001000299
6	01100000338
6	0101011101010111612
6	01010110359
6	01010110224
6	0101011001010110642
6	010101100100000000000000299
6	010101100010000000000000299
6	010011111111111165
6	010010101000000065
6	010010101000000000000000299
6	010010100010000065
6	010010100010000000000000299
6	0100101000001000299
6	010000000100000019
6	0010011000100110612
6	00100000338
6	001000001111111100000000299
6	00100000001000000000000065
6	000100001111111165
6	00010000100000006
6	00010000000100006
6	00001000348
6	000001101111111165
6	0000011000100110602
6	0000011000100000602
6	000001001111111100000000299
6	00000100001000006
6	000001000000010019
6	00000100000000106
6	0000001100000011612
6	000000100000001019
6	00000010000000100000000065
6	00000001580
6	000000011111111165
6	0000000100000001334
6	0000000011000001526
6	0000000010010000299
6	0000000010000000474
6	00000000011111106
6	00000000011010016
6	0000000001001111578
6	00000000001001100000011065
6	000000000000100000001000612
6	0000000000000100474
6	000000000000000100000001612
6	0000000000000000100000006
6	00000000000000000000010001001111266
5	11111111571
5	111111111111111111111111312
5	1111111111111111111111111111111101000001391
5	1111111110000110299
5	1111111110000011299
5	1111111101101110299
5	1111111101001110299
5	111111110010000000100000001000000010000000100000391
5	1111111100001011299
5	111111110000001000000000299
5	111111110000000001101110299
5	111111110000000001001110299
5	111111110000000000000000000000000000000000000000391
5	111111016
5	111110016
5	11110110453
5	1111011011110110612
5	1111000111110001299
5	111000011000000000000000299
5	11000101612
5	11000011299
5	1100001111000011612
5	110000110000000000000000299
5	11000010612
5	11000010299
5	1100001019
5	1100000111000001299
5	1100000000000000266
5	10100011299
5	10010011299
5	100100110000000000000000299
5	1001001010010000299
5	100100100000000000000000299
5	10010000580
5	100100001000000065
5	10000111299
5	100001110000000000000000299
5	100001106
5	1000010000000000266
5	10000011111111111000001111111111333
5	1000001110000011333
5	100000016
5	10000000578
5	10000000334
5	1000000011111111602
5	1000000010000000580
5	100000001000000010000000312
5	100000001000000010000000309
5	1000000010000000100000001000000010000000307
5	100000000000001065
5	0111011001110110532
5	01110000580
5	01110000554
5	01110000011100000111000065
5	011100000000000019
5	0110000019
5	010101101000000000000000299
5	010100006
5	010011111111111100000000299
5	0100101000000000642
5	0100100001001000602
5	0100100000000000642
5	0100000000000000639
5	00100000348
5	0010000000100000266
5	001000000010000000100000299
5	00100000000000006
5	00010000348
5	0001000000010000266
5	0000101100000000266
5	00001000474
5	00001000338
5	000010000000100000001000299
5	0000100000000000639
5	00001000000000000000000000000000299
5	000001106
5	0000011010000110602
5	0000011010000000602
5	000001000000010000000000299
5	0000010000000000639
5	0000010000000000000000000000000074
5	00000011612
5	00000010334
5	000000101000000065
5	0000001000000000639
5	000000010010000000000000299
5	0000000100000000639
5	0000000011111111359
5	000000001111111100000000266
5	0000000011000001266
5	00000000100001100000011065
5	0000000001110000578
5	0000000001110000266
5	00000000011000006
5	0000000001001010266
5	00000000010010100000000000000000299
5	0000000000100000359
5	00000000001000000000000065
5	000000000001000000010000612
5	0000000000001011299
5	0000000000001000639
5	0000000000000100639
5	0000000000000100526
5	0000000000000100359
5	0000000000000010639
5	0000000000000001639
5	0000000000000001474
5	0000000000000000532
5	00000000000000000000001065
5	00000000000000000000000074
5	000000000000000000000000575
5	0000000000000000000000000010000065
5	0000000000000000000000000000100065
4	111111111111111111111111111111110000000111111111391
4	111111111111111101001000312
4	111111111111111101001000309
4	111111111111111101000000010000000100000011111111391
4	111111111111111100000000000000000000000000000000391
4	1111111111000001580
4	1111111111000001110000011111111101000001391
4	111111111100000111000001110000010100000011000001391
4	1111111110100110299
4	1111111101101110602
4	1111111101001110602
4	1111111101001110266
4	111111110100101019
4	111111110100101000000000299
4	1111111101001000580
4	1111111101001000391
4	1111111101001000338
4	111111110100000001000000000000000100000000000000391
4	1111111100100000580
4	1111111100010000580
4	1111111100001000639
4	111111110000010000000100000000000000010000000000391
4	1111111100000011299
4	111111110000001011111111299
4	111111110000001000000010000000000000001000000000391
4	1111111100000001299
4	1111111100000000612
4	1111111100000000334
4	11111111000000001111111111111111359
4	1111111100000000111000011100000111000001391
4	111111110000000000000000109
4	1111110111111101334
4	1111100111111001334
4	111101101000000010000000100000001000000010000000391
4	1111001111111111299
4	1111000111110001602
4	1111000111110001334
4	111011111111111100000000299
4	11101001453
4	1110100111111111508
4	1110100111101001381
4	111010011110100111101001111010011110100100001000391
4	111010011110100111101001111010010000100000000000306
4	111010010000100000000000306
4	111000100000000000000000299
4	1110000111100001334
4	111000011110000111100001111000011110000110000000391
4	1110000101001000391
4	111000010010000000000000299
4	11100000612
4	11100000299
4	11011010299
4	1101011010000000299
4	1101001010010010299
4	110100100000000000000000299
4	11001010612
4	11001010526
4	1100101011001010642
4	1100100111001001612
4	11000111010010106
4	110001010000010000000000299
4	1100010100000000642
4	1100001111000011642
4	1100001011000010612
4	11000001580
4	11000001348
4	110000011100000165
4	1100000111000001334
4	1100000111000001266
4	11000001000001106
4	11000000453
4	110000001100000000000000299
4	110000001000000010000000100000001000000010000000391
4	10110110612
4	101101000000000000000000299
4	10110000299
4	10101000299
4	10100100612
4	1010001019
4	1010001000000000266
4	10100000580
4	1010000010100000602
4	1010000010100000266
4	10100000000000006
4	10010011612
4	100100101001000065
4	100010000000000065
4	10000111612
4	1000011000000000266
4	100001100000000000000000299
4	1000010110000101612
4	10000011348
4	10000011111111111000001111111111326
4	1000001110000011326
4	1000001100000000639
4	10000010526
4	10000010348
4	100000101000001000000000299
4	10000010000000101100000065
4	10000010000000001100000065
4	1000000110000001334
4	1000000100000001334
4	1000000011000000299
4	100000001000000000000000299
4	0111011000000000642
4	011100000110000000000000299
4	01110000000000000111000001110000359
4	01101110474
4	01101110359
4	011011100110111065
4	01101010359
4	01101010224
4	0110101001101010642
4	0110101000100000299
4	01100111010010106
4	01100100299
4	011001000000000000000000299
4	01100001526
4	01100001359
4	01100001334
4	01100001224
4	0110000101100001642
4	0110000100100000334
4	0110000100100000299
4	011000010000100065
4	01100001000001106
4	011000010000000065
4	0110000100000000266
4	01100000359
4	01100000348
4	01100000224
4	0110000001100000266
4	01100000000000006
4	010111101100000000000000299
4	010111100000100000000000338
4	010111100000100000000000299
4	01010111334
4	0101011100000001334
4	010101110000000000000000299
4	0101000065
4	010100000000001000000000299
4	0101000000000000338
4	01001110602
4	01001110474
4	0100111011111111612
4	010011100100111065
4	01001110010010106
4	01001100299
4	010011000000000000000000299
4	01001011526
4	01001011359
4	01001011224
4	0100101101001011642
4	0100101100000000266
4	01001010602
4	01001010338
4	010010101100011165
4	010010100110011165
4	01001010011001006
4	010010100100111065
4	01001010010011006
4	010010100100000065
4	0100101001000000299
4	010010100100000000000000299
4	0100101000001000602
4	01001010000010006
4	0100101000000000000000000000000074
4	01001000612
4	01001000348
4	0100100011000001602
4	010010001000000065
4	0100100001001000266
4	01001000000001106
4	010010000000000065
4	0100100000000000299
4	0100011001000110612
4	01000100000001000000000065
4	01000000338
4	01000000334
4	0100000010000010299
4	0100000001100000299
4	010000000010000065
4	0100000000000000612
4	00100000578
4	00100000571
4	0010000000000000602
4	00100000000000000000000000000000299
4	000100000000000065
4	000011000000100000000000299
4	0000110000000000266
4	0000101165
4	00001011526
4	0000101100001011612
4	00001000000010000000000000000000299
4	0000100000000000602
4	000001101100000165
4	000001100110000165
4	000001100100100065
4	0000011001000110602
4	0000011001000000602
4	000001100000001065
4	000001100000000165
4	00000100011000006
4	00000100010010006
4	00000100010000006
4	0000010000000110602
4	0000010000000010602
4	0000010000000010266
4	0000010000000000612
4	000001000000000001001110299
4	0000001100000000266
4	0000001000000000612
4	0000001000000000602
4	0000001000000000000000000000000074
4	0000000011111111639
4	000000001111111111111111334
4	000000001111111111111111299
4	0000000011111111000000000000000074
4	000000001111000119
4	00000000110101106
4	000000001100001065
4	000000001100000119
4	0000000010100000526
4	0000000010100000266
4	000000001000001100000000299
4	0000000010000010526
4	0000000010000010266
4	000000001000001010000010612
4	00000000100000000000000065
4	0000000001101110526
4	0000000001101110299
4	00000000011010106
4	00000000011001006
4	0000000001100001526
4	0000000001100001299
4	0000000001001110578
4	0000000001001110526
4	0000000001001110299
4	00000000010011006
4	00000000010010116
4	0000000001001010338
4	000000000100101000000000299
4	0000000001001010000000000000000074
4	0000000001001000526
4	00000000010001100000011065
4	0000000001000000338
4	000000000100000001000000612
4	000000000010000000100000612
4	0000000000010000526
4	0000000000000100000000000000000074
4	0000000000000010526
4	0000000000000010000000000000000074
4	0000000000000001266
4	000000000000000119
4	0000000000000000597
4	00000000000000001111111111111111299
4	00000000000000001111111100000000299
4	0000000000000000000010006
4	00000000000000000000000000000000642
4	0000000000000000000000000000000011001111299
4	0000000000000000000000000000000001101111299
4	0000000000000000000000000000000001001110299
3	111111111111111111111111111111110000001011111111391
3	111111111111111111111111100000001000000010000000391
3	111111111111111111111111010000000100000001000000391
3	111111111111111111111111000010000000100000001000391
3	111111111111111111111111000001000000010000000100391
3	111111111111111111111111000000100000001000000010391
3	1111111111111111110000011100000101000001391
3	111111111111111110000011100000001000000010000000391
3	111111111111111110000011010000000100000001000000391
3	111111111111111110000011001000000010000000100000391
3	111111111111111110000011000001000000010000000100391
3	111111111111111110000011000000100000001000000010391
3	111111111111111110000000100000001000000011111111391
3	1111111111111101580
3	111111111111110111111101111111010000010011111101391
3	1111111111111001580
3	111111111111100111111001111110010000100011111001391
3	1111111111110001580
3	111111111111000111110001111100010001000011110001391
3	1111111111100001580
3	111111111110000111100001111000011110000111100001391
3	111111111110000100100000001000000010000011100001391
3	1111111111000001299
3	111111111010001010100010101000101010001000000000391
3	111111111010001010100010101000100010000000000000391
3	1111111110100000580
3	111111111010000010100000101000000110000000000000391
3	111111111000001110000011000100000001000000010000391
3	111111111000001100000000299
3	1111111110000010299
3	111111111000001010000010100000101111111100000010391
3	111111111000001010000010100000101000001000000010391
3	1111111110000001580
3	111111111000000110000001100000011000000010000001391
3	111111111000000110000001000000011000000100000001391
3	111111111000000010000010100000011000000100000001391
3	11111111010010106
3	1111111101000000391
3	1111111100100000391
3	111111110010000010000010011000000100100000100000391
3	1111111100100000001000000000000010100000391
3	111111110001000011111111299
3	111111110001000010000010011000000100000000010000391
3	111111110001000000000000299
3	111111110000110000000000299
3	111111110000101100000000299
3	111111110000100065
3	1111111100001000580
3	111111110000100010000010011000000100100000001000391
3	111111110000010065
3	1111111100000100391
3	1111111100000010391
3	111111110000000100000001000000010000000100000001391
3	1111111100000000111111111111110111111101391
3	1111111100000000111111011111100111111001391
3	1111111100000000111110011111000111110001391
3	1111111100000000111100011110000111100001391
3	1111111100000000110000011000000110000001391
3	1111111100000000100000010000000100000001391
3	11111111000000000100101065
3	1111111100000000001000000010000010100000391
3	111111110000000000100000001000000010000000000000391
3	11111111000000000000001065
3	111111110000000000000000309
3	1111111065
3	1111111010000010299
3	111111101000001000000000299
3	1111111000000000612
3	11111101348
3	1111110111111101602
3	1111110111111101266
3	111111011111110100000000312
3	11111001348
3	1111100111111001602
3	1111100111111001266
3	111110011111100100000000312
3	11110001348
3	111100011111000165
3	1111000111110001266
3	1110001011100010612
3	111000101010000000000000299
3	111000101000000065
3	1110001010000000602
3	11100001348
3	1110000111111111391
3	1110000111100001602
3	1110000111100001266
3	11011110612
3	1101111000000000642
3	1101101011010010299
3	110110100000000000000000299
3	110101101000000000000000299
3	110100101001001065
3	11001111000001106
3	1100111011001110612
3	11001010359
3	11001010224
3	1100001165
3	1100001065
3	110000100000000000000000299
3	1100000111100001602
3	110000011100000101000001312
3	110000011100000100000000312
3	1100000101000001338
3	110000010000000165
3	11000000299
3	1100000000100000299
3	10110100612
3	1011010000000010299
3	10110010299
3	10101100299
3	10101010299
3	1010100010101000612
3	1010011010100110612
3	1010001110100011642
3	10100000526
3	10100000348
3	101000001010000000000000299
3	101000000000100065
3	1010000000000100299
3	1010000000000000101000000000001000000010327
3	10010110299
3	100001000000000065
3	100000111111111165
3	10000011111111116
3	1000001110000011532
3	1000001110000010299
3	100000111000000110000001100000011000000100000001391
3	10000011000000000000000065
3	10000010602
3	100000101111111165
3	1000001010000010266
3	1000001001000000299
3	10000001348
3	1000000110000001602
3	1000000110000001266
3	100000011000000100000000312
3	1000000011111111391
3	100000001111111100000000299
3	1000000010100000299
3	100000001000001065
3	100000001000000000000000309
3	10000000100000000000000000000000299
3	100000000001000000000000299
3	1000000000000000602
3	1000000000000000338
3	1000000000000000000000000000000074
3	10000000000000000000000000000000299
3	0111011000100000299
3	011101100010000000000000299
3	0111000100000000299
3	01101111000001106
3	0110111000000000266
3	011000000010000000000000338
3	011000000000000065
3	011000000000000000000000556
3	0101011100000001299
3	01010110612
3	010101100000001000000000299
3	0101011000000000642
3	0101001000000010299
3	010100100000001000000000338
3	01010000580
3	01010000474
3	0101000019
3	01001110224
3	0100111001001110642
3	01001110010011106
3	01001110000001106
3	01001011612
3	0100101011111111508
3	0100101011001010602
3	0100101010000000602
3	01001010100000006
3	0100101001101010602
3	010010100100101000000000299
3	0100101000100000602
3	01001010001000006
3	010010100000001065
3	010010000000100065
3	0100100000000000602
3	01000000578
3	01000000571
3	0100000011111111391
3	010000001000000000000000299
3	010000000100000000000000338
3	010000000100000000000000309
3	010000000010000000000000299
3	0100000000000000000000000000000074
3	0010000011111111391
3	0010000010100000334
3	0010000010000000266
3	001000000010000019
3	001000000010000000000000309
3	00100000001000000000000000000000299
3	0010000000000000334
3	000100001011000065
3	000100000001000019
3	00010000000100000000000065
3	0001000000000000000100000000001000000010327
3	00001100602
3	0000110010010000266
3	00001011580
3	00001000578
3	00001000575
3	00001000571
3	000010001010100065
3	000010000000100019
3	00001000000010000000000065
3	000010000000100000000000299
3	000001101100111165
3	000001100110111165
3	000001100100111065
3	0000011000000110602
3	0000011000000100334
3	00000100334
3	0000010011111111391
3	000001000000011065
3	000001000000010000000000309
3	00000011602
3	00000011000000010000000065
3	000000110000000100000000299
3	00000010338
3	0000001010000000299
3	0000001001001000391
3	000000100000001000000000309
3	00000001338
3	000000010000000100000000299
3	000000001111110119
3	000000001111100119
3	0000000011100010602
3	0000000011100001299
3	000000001110000119
3	00000000110010106
3	0000000011001010299
3	000000001100101011001010612
3	00000000110010100100101065
3	00000000110000011100000165
3	0000000011000000299
3	0000000010100000602
3	000000001010000010100000612
3	000000001000001165
3	00000000100000116
3	000000001000001110000011612
3	0000000010000010602
3	0000000010000001299
3	0000000010000000000000000000000074
3	000000000111000165
3	00000000011010100100101065
3	0000000001100000642
3	0000000001010110612
3	00000000010011106
3	00000000010000000000000065
3	0000000001000000000000000000000074
3	0000000000100000474
3	0000000000010000474
3	0000000000001011526
3	0000000000001000000000000000000074
3	00000000000001100000011065
3	0000000000000100338
3	00000000000001000000000065
3	0000000000000010578
3	00000000000000100000001065
3	0000000000000001526
3	0000000000000001000000010000000065
3	000000000000000010100000299
3	000000000000000010000011299
3	0000000000000000001000006
3	00000000000000000001000000010000612
3	00000000000000000000010001101110266
3	00000000000000000000010001001110266
3	00000000000000000000001000000010612
3	000000000000000000000000571
3	0000000000000000000000001000000065
3	0000000000000000000000000000010065
3	0000000000000000000000000000000011111111299
2	11111111111111111111111101001000391
2	111111111111111110000010391
2	1111111111111111000000006
2	1111111111001010299
2	111111111100000165
2	1111111110100011299
2	111111111010001065
2	1111111110100010602
2	1111111110100010266
2	1111111110100000299
2	111111111000011000000000299
2	1111111110000010391
2	111111111000001010000010100000101000001000000000391
2	11111111100000101000001000000000391
2	1111111110000010100000001000000010000000391
2	1111111110000000299
2	11111111100000001111111010000000391
2	11111111011011106
2	1111111101101110266
2	111111110110111019
2	1111111101001011299
2	111111110100101010000000299
2	1111111101000000299
2	1111111100100000602
2	111111110010000011111111299
2	111111110010000000100000000000000010000000000000391
2	111111110001000000010000000000000001000000000000391
2	111111110000101165
2	111111110000100000001000000000000000100000000000391
2	1111111100000110299
2	111111110000010010100010299
2	111111110000001065
2	1111111100000010266
2	111111110000001019
2	111111110000000111111111299
2	111111110000000100000000000000000000000000000000391
2	1111111100000000555
2	111111110000000011111111326
2	111111110000000000010000000100000001000000000000391
2	111111110000000000000000391
2	1111111100000000000000001000001000000000391
2	11111111000000000000000000000000391
2	1111111011111111612
2	1111111010110110299
2	1111111010110100299
2	111111101011010000000000299
2	111111101000000065
2	1111111010000000602
2	1111111000000010299
2	111111100000000065
2	1111111000000000602
2	111111100000000019
2	11111110000000000000000065
2	111111011111110165
2	111110011111100165
2	1111001165
2	1111001119
2	111100110111000100000000299
2	111100110000000011000001299
2	111100110000000000000000299
2	111100001010000065
2	111010016
2	11101001578
2	11101001571
2	11101001338
2	11101001306
2	11101001299
2	1110100111101001111010011110100100001000307
2	1110100111101001111010011110100100001000301
2	111010010000100065
2	111010010000100000000000307
2	1110011065
2	1110011019
2	1110001065
2	1110001010100100299
2	1110001010100000299
2	11100010010000006
2	1110001000100000299
2	11100001578
2	11100001571
2	11100001338
2	111000011110000165
2	1110000111100001532
2	111000011110000111100001111000011000000000000000306
2	111000011110000111100001111000010010000000000000306
2	111000011000000000000000306
2	11100001001000011111111101100000391
2	111000010010000000000000306
2	11100000111000106
2	1110000011100000612
2	1101111011011110612
2	11011011299
2	1101101111011010299
2	110110110000000000000000299
2	110110101101001065
2	11010110612
2	11010110580
2	11010110359
2	11010110224
2	1101011011010110642
2	11001010602
2	11001010580
2	11001010474
2	1100101010000000299
2	110010100000010000000000299
2	110010001000000065
2	11000011602
2	11000011580
2	11000011359
2	11000011224
2	1100001119
2	1100001100000000266
2	11000010359
2	1100001011100000299
2	11000010110000106
2	1100001001000000299
2	11000010000000000000000065
2	110000011111111165
2	110000011111001165
2	1100000101000000602
2	110000010000010065
2	1100000011000000532
2	1100000010000000299
2	110000000100000000000000306
2	10110110299
2	10110110111111106
2	1011010010110100612
2	1011010000000000299
2	1011010000000000266
2	10110000612
2	1011000010110000612
2	1010110010101100612
2	10101000612
2	10100110299
2	101001101111111100000000299
2	10100100299
2	10100100111001106
2	1010001165
2	10100011612
2	1010001119
2	1010001100000000266
2	10100010474
2	101000101111111165
2	1010001000000100359
2	10100001011000001010000100001000326
2	10100000602
2	1010000010100000381
2	1010000010100000299
2	1010000010000000299
2	1010000010000000266
2	101000000010000065
2	101000000010000000000000306
2	1010000000010000299
2	1010000000001000299
2	101000000000010065
2	10100000000000106
2	100111006
2	1001001165
2	10010011602
2	10010011580
2	1001001119
2	1001001110010011642
2	1001001100000000266
2	1001000019
2	1000100000000000266
2	100010000000000000000000299
2	1000011165
2	10000111602
2	10000111580
2	1000011119
2	1000011110000111642
2	1000011100000000266
2	100001101111111100000000299
2	10000101612
2	10000101359
2	10000101224
2	1000010110000101642
2	1000010010000100381
2	100001001000010000000000299
2	100001000000010000000000306
2	100001000000000000000000299
2	1000001111111111338
2	1000001111000011299
2	1000001110010011299
2	1000001110000111299
2	1000001110000000299
2	1000001101000000299
2	1000001100100000299
2	1000001100010000299
2	1000001100000100299
2	1000001100000010299
2	10000011000000000000000165
2	1000001011111111299
2	1000001011000010299
2	1000001010000010381
2	1000001010000010299
2	1000001010000000299
2	100000100010000065
2	100000100001000010010011299
2	100000100000100065
2	100000100000010065
2	100000100000001000000000306
2	1000001000000001299
2	10000010000000006
2	10000010000000000000000065
2	100000011000000165
2	1000000110000001532
2	100000010000000100000000306
2	10000000571
2	10000000338
2	100000001010000000000000299
2	100000001000001165
2	1000000010000010299
2	100000001000000011111111309
2	100000001000000010000000100000001100000000000000306
2	100000001000000010000000100000001010000000000000306
2	100000001000000010000000100000001000010000000000306
2	100000001000000010000000100000001000001000000000306
2	100000001000000010000000100000001000000100000000306
2	100000000100101010000000299
2	100000000001000065
2	1000000000000010602
2	10000000000000106
2	0111111000000000642
2	01110110612
2	0111011000000010580
2	0111011000000000580
2	01110010299
2	011100100000001065
2	01110001299
2	011100011111001100000000299
2	0111000011111111299
2	0111000010100000299
2	0111000001110000612
2	0111000000000010299
2	011100000000000000000010299
2	0110111011100001359
2	01101001612
2	011010010000100000000000299
2	0110100100000000642
2	011000011000000065
2	0110000101101001602
2	011000010010000065
2	0110000100001000602
2	01100000578
2	01100000334
2	011000000111000000000000299
2	0110000001010000266
2	01100000000010006
2	0110000000000000011000000000001000000010327
2	0101111000001000299
2	010111100000100000001000334
2	0101011100000000642
2	010101100000010000000000299
2	0101011000000010334
2	010101100000000100000000299
2	010100100000001000000000299
2	01010000526
2	010011101111111100000000299
2	0100111000000100299
2	01001011474
2	01001010580
2	0100101001000000602
2	01001010010000006
2	010010100000010065
2	010010100000010000000000299
2	010010100000000165
2	010010100000000100000000299
2	0100101000000000010010106
2	0100100011001000602
2	0100100010000000602
2	01001000100000006
2	010010000000001065
2	01000001010000006
2	01000001001000006
2	01000000453
2	010000001111111165
2	010000001111111100000000299
2	010000001110001065
2	010000001100001165
2	010000001100001065
2	01000000100000006
2	010000000110000065
2	0100000001100000602
2	0100000001000000532
2	01000000010000000100000065
2	01000000010000000000000000000000299
2	0100000000100000602
2	01000000001000006
2	0100000000000000602
2	01000000000000000000000000000000299
2	0010010000100100612
2	0010000101100000001000010000100000001000327
2	00100000575
2	001000001110000065
2	00100000100000006
2	0010000000000000612
2	001000000000000011111111299
2	0010000000000000000000000000000074
2	0001110000000010612
2	0001100000000100612
2	00010110299
2	0001011000010110612
2	00010100299
2	0001010000010100612
2	00010000580
2	00010000575
2	00010000338
2	00010000334
2	000100001001001165
2	0001000010000000299
2	000100000000100065
2	000100000000001065
2	0001000000000000612
2	0001000000000000000000000000000074
2	00001100578
2	00001100571
2	00001100526
2	00001100474
2	00001100338
2	000011001111111165
2	000011001111111100000000299
2	000010111111111165
2	000010110000101165
2	00001001359
2	00001001224
2	0000100100001001642
2	0000100100001001612
2	000010001111111100000000299
2	0000100011111111000000000000000074
2	00001000100000006
2	0000100001100001639
2	0000100000001000000010006
2	000010000000100000000000338
2	000010000000010065
2	0000100000000000612
2	0000100000000000000000000000000074
2	0000011100000111612
2	0000011000000111602
2	000001100000010065
2	0000011000000010602
2	0000011000000001602
2	00000100575
2	0000010011111111000000000000000074
2	000001001010010065
2	0000010010000010299
2	0000010000100000299
2	00000100000000016
2	0000010000000000338
2	00000100000000000000000000000000299
2	00000011580
2	00000011348
2	0000001119
2	000000111111111165
2	00000010575
2	000000101011011065
2	00000010100000006
2	0000001010000000266
2	000000100111001065
2	0000001000000011299
2	000000100000001011111111309
2	0000001000000001299
2	0000001000000000359
2	0000001000000000338
2	000000100000000011111111299
2	00000010000000000000000000000000299
2	000000011000001165
2	00000001100000006
2	000000010100000000000000299
2	0000000100000000602
2	0000000059
2	0000000011111111642
2	0000000011111111338
2	000000001111111111111111642
2	0000000011111111000000001111111174
2	0000000011111101474
2	0000000011111001474
2	0000000011110001474
2	0000000011110001299
2	000000001110100165
2	0000000011101001299
2	0000000011100001474
2	0000000011100000602
2	000000001100101065
2	00000000110010000100100065
2	00000000110000116
2	0000000011000001474
2	0000000010110000602
2	0000000010101000602
2	0000000010100010578
2	0000000010100010526
2	0000000010100010299
2	0000000010100010000000000000000065
2	0000000010001000299
2	00000000100001016
2	0000000010000100299
2	0000000010000011526
2	0000000010000011474
2	0000000010000001474
2	00000000011100000111000065
2	000000000111000001110000359
2	000000000111000000000000359
2	0000000001101110578
2	0000000001101110000000001110000165
2	00000000011010010110000165
2	000000000101001065
2	0000000001001011299
2	000000000100101101001011612
2	0000000001000000612
2	0000000001000000578
2	0000000000100000612
2	0000000000100000000000000000000074
2	0000000000010110602
2	0000000000010100602
2	0000000000010000338
2	0000000000010000000000000000000074
2	000000000000110065
2	0000000000001100602
2	0000000000001100359
2	000000000000110000000000299
2	0000000000001011266
2	00000000000010016
2	0000000000001000526
2	0000000000001000474
2	0000000000001000359
2	0000000000001000338
2	00000000000001110000011065
2	000000000000010000000100612
2	0000000000000011299
2	000000000000001100000011612
2	0000000000000010359
2	0000000000000001359
2	0000000000000000554
2	000000000000000011111011299
2	000000000000000011011011299
2	000000000000000011011010299
2	000000000000000011010010299
2	000000000000000011001010474
2	000000000000000011000001299
2	000000000000000010010010299
2	000000000000000010010000299
2	000000000000000001001011474
2	000000000000000001001010474
2	0000000000000000010000006
2	000000000000000000100000639
2	00000000000000000010000000100000612
2	0000000000000000000010110000000000000000299
2	00000000000000000000100000001000612
2	0000000000000000000001100000000000000000299
2	000000000000000000000011474
2	000000000000000000000001474
2	00000000000000000000000100000001612
2	0000000000000000000000001111111165
2	00000000000000000000000011001010299
2	00000000000000000000000001001011299
2	0000000000000000000000000100000065
2	00000000000000000000000000000011299
2	0000000000000000000000000000001000000010327
2	00000000000000000000000000000001299
2	00000000000000000000000000000000338
1	612
1	539
1	474
1	1111111111111111222
1	111111111111111111111111612
1	111111111111111111111111391
1	111111111111111111111111359
1	111111111111111111111111309
1	11111111111111111111111111111111391
1	11111111111111111111111111111111359
1	111111111111111111111111111111111111111100100000391
1	111111111111111111111111111111111111111100001000391
1	1111111111111111111111111111111100000011391
1	111111111111111111111111100100101001001000010000391
1	111111111111111101001000391
1	111111111111111100000000555
1	1111111111111111000000001111111174
1	1111111111111101602
1	1111111111111101391
1	111111111111110100000000000000000000000000000000391
1	1111111111111001602
1	1111111111111001391
1	111111111111100100000000000000000000000000000000391
1	111111111111001165
1	11111111111100111111111165
1	111111111111000100000000000000000000000000000000391
1	111111111110000100000000000000000000000000000000391
1	111111111100100011001000110101100000001010000000391
1	111111111100100011001000110010001100100010000000391
1	111111111100010111000101110001011100010100000100391
1	1111111111000001602
1	1111111111000001391
1	1111111111000001266
1	111111111100000111000001110000011100000101000000391
1	111111111100000100000000000000000000000000000000391
1	111111111010001010100010101000101010001000100000391
1	111111111010000065
1	1111111110100000602
1	1111111110100000266
1	1111111110011100299
1	111111111001001010010010100100101001001000010000391
1	111111111001000065
1	1111111110010000602
1	1111111110010000266
1	111111111000011065
1	1111111110000110000000001000011074
1	111111111000001065
1	1111111110000010602
1	1111111110000010266
1	111111111000001019
1	111111111000001011111111612
1	1111111110000001602
1	1111111110000001391
1	111111111000000100000000000000000000000000000000391
1	111111111000000065
1	1111111110000000266
1	111111111000000011111111299
1	111111111000000011111111111111111111111110000000391
1	111111111000000010000000299
1	111111111000000010000000100000001000000010000000391
1	1111111110000000100000000000000010000000391
1	111111110111011000100000000000000000100000100000391
1	111111110111000100000000299
1	111111110110000010100010101000101010001000100000391
1	111111110101111000001000000000000010000000001000391
1	111111110101011001000000000000000000000101000000391
1	111111110101011000000100000000000100000000000100391
1	11111111010011116
1	111111110100111019
1	1111111101001010299
1	111111110100101011111111299
1	111111110100101000000001299
1	111111110100100001001000010010000100100000001000391
1	111111110100100000001000010111101000000000001000391
1	111111110100000011111111299
1	111111110100000011111111001000000010000000100000391
1	111111110100000000000000299
1	111111110010000111111111111111111111111101100000391
1	111111110010000111111111100000111000001101100000391
1	1111111100100000612
1	1111111100100000359
1	1111111100100000338
1	111111110010000010100000101000001010000000100000391
1	111111110010000000100000001000001111111100100000391
1	1111111100100000000000000010000074
1	1111111100010000266
1	111111110001000000010000000100000001000000010000391
1	111111110000110010010000299
1	1111111100001100000000000000110074
1	1111111100001011602
1	11111111000010116
1	1111111100001000602
1	111111110000100011111111299
1	11111111000010000000000065
1	1111111100001000000000000000000074
1	1111111100000100266
1	111111110000010011111111299
1	111111110000010000000010299
1	111111110000001111111111299
1	111111110000001100000000299
1	1111111100000010602
1	111111110000001011111111312
1	111111110000001000000010000000100000001000000010391
1	111111110000001000000010000000100000001000000000391
1	111111110000001000000010000000000000000000000010391
1	111111110000001000000000391
1	111111110000000111111111312
1	111111110000000100000011299
1	111111110000000100000001299
1	111111110000000010100000299
1	111111110000000010000010299
1	11111111000000001000000065
1	1111111100000000100000001000000010000000391
1	11111111000000000100000065
1	11111111000000000001000065
1	11111111000000000000100065
1	11111111000000000000010065
1	111111110000000000000011299
1	1111111100000000000000100000001000000010391
1	111111110000000000000010000000100000001000000000391
1	11111110612
1	1111111011111111359
1	111111101000000019
1	111111101000000010000010299
1	111111100100000019
1	111111100001000019
1	111111100000100019
1	111111100000010019
1	111111100000001019
1	111111100000001000000000299
1	111111100000000165
1	1111111000000001602
1	1111111000000000359
1	11111110000000001000000065
1	11111110000000000000001065
1	1111110111111111391
1	111111011111110111111101312
1	1111110101000000266
1	1111101111011011299
1	1111101100000000299
1	111110110000000000000000299
1	1111100111111111391
1	111110011111100111111001312
1	1111100100100000266
1	1111011011110110532
1	111101101010011065
1	1111011010000000580
1	11110011580
1	11110011554
1	111100111100000119
1	111100110000000011111111299
1	11110011000000001111111111111111359
1	11110011000000000000000065
1	1111001065
1	1111001019
1	11110010000000000001000065
1	1111000101000000266
1	1111000100000000639
1	11101110359
1	1110111019
1	1110111010110100299
1	111011101010110000000000299
1	111011100000000000000000299
1	1110101065
1	1110101019
1	11101010000000000000100065
1	1110100111101001532
1	111010010110100101011110000000001110000100001000391
1	11100110612
1	11100110474
1	11100110359
1	11100110299
1	1110011010101100299
1	111001100000010000000000299
1	11100110000000000000010065
1	111001100000000000000000299
1	111000110010000000000000299
1	11100010612
1	111000100010000000000000299
1	111000100001000010110000299
1	111000100000100010101000299
1	11100010000000006
1	11100010000000000010000065
1	11100010000000000000000065
1	111000011110000111100001312
1	111000011110000111100001309
1	1110000111100001111000011110000110000000307
1	1110000111100001111000011110000100100000307
1	111000011110000111010110000000001110100110000000391
1	111000011000000065
1	1110000110000000266
1	111000011000000000000000307
1	111000010010000065
1	111000010010000000000000307
1	1110000065
1	11100000348
1	1110000019
1	111000001110001065
1	1110000011100000642
1	11100000100000106
1	11100000010000006
1	11100000000000000000000065
1	111000000000000000000000299
1	110111100010000019
1	110110111101101165
1	110110111101101065
1	1101101100000000299
1	110110101101101065
1	1101101000000000299
1	1101011010000000338
1	110101101000000010000000334
1	110100101101001065
1	1101001000000000299
1	110011111111111100000000299
1	110011101111111100000000299
1	1100101011111111299
1	110010101000011000000000299
1	1100101000000000642
1	1100101000000000299
1	110010100000000011111111299
1	1100100111111111508
1	1100100010000000338
1	11001000000000006
1	1100100000000000266
1	110001010000010065
1	11000011348
1	110000110100000000000000299
1	110000110010000010100011299
1	11000011000000000100000065
1	11000011000000000000000065
1	11000010348
1	110000101100001065
1	1100001011000010642
1	110000101100000000000000299
1	110000101000000065
1	1100001010000000602
1	110000100100000000000000299
1	11000010000000000100000065
1	11000001602
1	11000001578
1	110000011111111100000000299
1	1100000111000101602
1	110000011100000111000001312
1	1100000101001000391
1	1100000100000100602
1	1100000100000010266
1	1100000100000001602
1	1100000100000000639
1	1100000100000000359
1	11000000602
1	1100000019
1	11000000110000006
1	1100000010000000580
1	11000000001000001110000065
1	11000000000010006
1	110000000000000065
1	11000000000000000000000065
1	1011011065
1	10110110348
1	1011011019
1	101101101111111065
1	1011011010110110642
1	10110110000000000000000065
1	101101100000000000000000299
1	1011010019
1	10110100111111106
1	1011010010110100299
1	1011010010110100266
1	1011010010000000266
1	101101000000010000000000299
1	10110100000000101011011065
1	1011001010110010612
1	10110010000100006
1	1011000065
1	10110000602
1	10110000580
1	10110000348
1	1011000019
1	1011000010110000642
1	10110000100000106
1	10110000000100006
1	101100000001000000000000299
1	1011000000000100299
1	10110000000000000000000065
1	101100000000000000000000299
1	10101100612
1	1010110019
1	10101100111011106
1	1010110010101100266
1	10101100000001001011010065
1	101011000000010000000000299
1	101011000000000000000000299
1	1010101010101010612
1	10101010000010006
1	1010100065
1	10101000602
1	10101000580
1	10101000348
1	1010100019
1	1010100010101000642
1	10101000100000106
1	10101000000010006
1	101010000000100000000000299
1	1010100000000100299
1	10101000000000000000000065
1	101010000000000000000000299
1	101001101010011065
1	101001100000000000000000299
1	1010010065
1	10100100348
1	1010010019
1	101001001110011065
1	1010010010100100642
1	1010010010100100612
1	10100100000000000000000065
1	101001000000000000000000299
1	10100011602
1	10100011580
1	10100011348
1	1010001110100011612
1	101000110000100011111111299
1	10100011000000000010000065
1	10100011000000000000000065
1	10100010602
1	10100010000000006
1	10100001011000001010000110000000326
1	10100001011000001010000100100000326
1	10100000306
1	101000001111111165
1	101000001111111100000000299
1	1010000010110100299
1	1010000010101100299
1	1010000010101000602
1	1010000010100100602
1	1010000010100000101000006
1	101000000100000065
1	1010000000100000602
1	10100000001000006
1	101000000001000065
1	1010000000001000602
1	10100000000010006
1	1010000000000100602
1	10100000000001006
1	10100000000001001010010065
1	101000000000000065
1	1010000000000000359
1	10100000000000000000000065
1	100111101111111100000000299
1	100111101000000019
1	100111100100000019
1	10011100299
1	100111001001110065
1	1001110010011100612
1	100111000001000019
1	100111000000010019
1	100111000000001019
1	1001110000000001612
1	100101110000010000000000299
1	1001011010010110612
1	10010110000001006
1	10010011348
1	1001001110010011612
1	100100110001000000000000299
1	100100110000010010000111299
1	10010011000000000001000065
1	10010011000000000000000065
1	100100101001001065
1	1001001000000000299
1	10010000474
1	100100001111111165
1	100100001001000065
1	1001000000001110359
1	1001000000000000299
1	1000101010001010612
1	10001000580
1	10000111348
1	1000011110000111612
1	100001110000001010000011299
1	100001110000001000000000299
1	10000111000000000000010065
1	10000111000000000000000065
1	10000110578
1	10000110571
1	10000110526
1	10000110474
1	10000110338
1	100001101111111165
1	1000011000000100000000000000010074
1	100001100000000065
1	1000010165
1	10000100602
1	100001006
1	10000100580
1	10000100306
1	10000100299
1	1000010019
1	1000010010000100266
1	1000010010000100100001006
1	10000100000000000000000065
1	10000011359
1	10000011111111111000001065
1	100000111111111110000000359
1	1000001110000010100000001000000010000000391
1	100000111000000110000001000000011000000100000001391
1	1000001110000000580
1	10000011100000001111111010000000391
1	100000111000000010000011299
1	100000111000000000000000299
1	1000001101110001299
1	100000110100000011000011299
1	1000001100000001580
1	1000001100000001299
1	10000011000000011000001165
1	100000110000000110000011299
1	100000110000000100000000299
1	10000011000000001111111165
1	10000011000000001000001165
1	10000011000000001000000065
1	10000011000000000000001065
1	10000010306
1	100000101111111111111111612
1	100000101110000065
1	100000101011000065
1	100000101010100065
1	1000001010100010602
1	1000001010001010602
1	100000101000011065
1	1000001010000110602
1	1000001010000011299
1	100000101000001119
1	100000101000001110000011612
1	100000101000001065
1	1000001010000010100000106
1	100000101000000011111111299
1	100000101000000010000011299
1	100000101000000010000010299
1	100000100100000011111111299
1	100000100100000011000011299
1	10000010010000001100001065
1	1000001000100000602
1	100000100010000010100011299
1	1000001000001000602
1	100000100000100011111111299
1	1000001000000100602
1	1000001000000100359
1	100000100000010011111111299
1	100000100000010010000111299
1	100000100000001011111111299
1	100000100000001010000011299
1	10000010000000101000001000100000333
1	10000010000000101000001000100000326
1	10000010000000101000001000001000333
1	10000010000000101000001000001000326
1	1000001000000001266
1	10000010000000001000001000000100333
1	10000010000000001000001000000100326
1	10000010000000001000000065
1	10000001602
1	10000001453
1	1000000111111111391
1	10000001100000016
1	100000011000000110000001312
1	100000011000000010000010100000011000000100000001391
1	1000000100000100266
1	1000000100000000580
1	1000000100000000391
1	100000001101101100000000299
1	100000001011010000000000299
1	100000001001001000000000299
1	1000000010000100338
1	1000000010000100299
1	1000000010000010602
1	1000000010000010338
1	1000000010000010266
1	1000000010000001338
1	100000001000000011111111299
1	100000001000000010000011299
1	100000001000000010000010299
1	100000001000000010000001309
1	100000001000000010000000334
1	1000000010000000100000001000000010100000301
1	1000000010000000100000001000000010000100301
1	1000000010000000100000001000000010000010301
1	1000000001100001639
1	1000000001000000602
1	10000000010000006
1	100000000100000000000000307
1	100000000100000000000000299
1	1000000000100000602
1	10000000001000006
1	100000000010000000000000307
1	100000000010000000000000299
1	100000000001011065
1	100000000000100065
1	1000000000000100602
1	10000000000001006
1	100000000000010000000000307
1	100000000000001000000000307
1	1000000000000001602
1	10000000000000016
1	100000000000000100000000307
1	100000000000000100000000299
1	10000000000000000100101065
1	011101101111111165
1	011101100100010001110000010100100100000000000010391
1	011101100010000000100000334
1	0111011000000010100000001000000010000000391
1	01110100000000006
1	011100011111111100000000299
1	011100010000000100000000299
1	011100010000000000000000299
1	0111000010100110299
1	011100000111000165
1	0111000001100000299
1	011100000010000065
1	0111000000100000299
1	01110000000001006
1	0111000000000001299
1	01110000000000001111001111110011359
1	011100000000000000000001299
1	011011111111111100000000299
1	01101110578
1	011011101111111100000000299
1	0110111011101001359
1	0110111000000000359
1	01101010612
1	0110101000000000642
1	01100001612
1	0110000111100001602
1	0110000110000000602
1	0110000101100001602
1	0110000100100000602
1	011000010010000000000000299
1	0110000100000000642
1	01100000580
1	01100000575
1	01100000571
1	01100000100000006
1	011000000101000065
1	0110000001010000602
1	01100000010100006
1	01100000001000006
1	01100000000000000110000065
1	0110000000000000000000000000000074
1	010111101111111165
1	0101111000001000338
1	010101110000000100000000299
1	010101100100000001000000334
1	01010110000001000100101065
1	010101100000010000000100334
1	01010010359
1	01010010224
1	0101001001010010642
1	010100100000010000000000299
1	01010010000000100100101065
1	010100100000000065
1	0101001000000000642
1	01010000359
1	01010000348
1	01010000224
1	0101000001100000359
1	01010000010100006
1	0101000001010000580
1	0101000001010000266
1	010100000100010001110000010100100100000000000010391
1	01010000001000006
1	0101000000000000299
1	0101000000000000266
1	0100111110000000359
1	0100111101000000359
1	0100111100100000359
1	0100111100001000359
1	0100111100000100359
1	0100111100000001359
1	0100111100000000359
1	0100111011101001359
1	0100111010000000359
1	0100111000001000359
1	0100111000000010359
1	0100111000000000642
1	01001011602
1	01001011580
1	010010110000001011111111299
1	0100101100000001334
1	0100101100000000642
1	0100101100000000299
1	010010110000000011111111299
1	01001010575
1	0100101001001110602
1	0100101001001011602
1	0100101001001010222
1	0100101000000100602
1	01001010000001006
1	0100101000000010602
1	01001010000000106
1	0100101000000001602
1	01001010000000016
1	0100100011100001602
1	0100100001001010602
1	0100100000001000602
1	01001000000010006
1	0100100000000010602
1	01001000000000106
1	010001000000010065
1	01000001000010006
1	01000001000001006
1	01000001000000016
1	01000000575
1	01000000554
1	010000001110000065
1	010000001101101100000000299
1	0100000011000010266
1	01000000110000006
1	01000000101000006
1	010000001001001000000000299
1	010000001000000100000000299
1	0100000010000000299
1	0100000010000000266
1	01000000100000000000000065
1	0100000001100000000000000110000074
1	0100000001010000391
1	0100000001000000580
1	0100000001000000391
1	010000000100000011111111309
1	010000000100000011111111299
1	010000000100000011000011299
1	010000000100000011000001309
1	0100000000000100299
1	01000000000000000111000001110000359
1	01000000000000000100000065
1	00100100578
1	00100100571
1	00100100338
1	001001001111111100000000299
1	0010000101100000001000011000000010000000327
1	0010000101100000001000010010000000100000327
1	0010000011111111299
1	00100000111111111111111165
1	0010000011111111000000000000000074
1	001000001110001165
1	0010000011100000266
1	001000001101101100000000299
1	001000001101001000000000299
1	001000001100000100000000299
1	001000001010001165
1	00100000101000006
1	0010000010000011299
1	0010000010000010639
1	0010000010000000299
1	001000001000000000000000299
1	0010000001100001639
1	001000000100000000000000299
1	001000000010000010100011299
1	001000000010000000000000299
1	0010000000100000000000000010000074
1	0010000000010000000000000000000074
1	0010000000000000338
1	00100000000000000010000000000010326
1	000111001000000019
1	0001100000011000612
1	0001100000000100359
1	00010110100000006
1	00010110000001006
1	00010100000001006
1	00010100000000106
1	0001001000010010612
1	000100001111111100000000299
1	0001000011111111000000000000000074
1	000100001111101100000000299
1	000100001110000100000000299
1	000100001101001000000000299
1	000100001011001065
1	0001000010110000299
1	00010000101000006
1	000100001000000000000000299
1	000100000100101011111111299
1	000100000001100065
1	0001000000011000602
1	0001000000010010602
1	000100000001000011111111299
1	000100000001000010110000299
1	000100000001000010010011299
1	000100000001000000000000556
1	000100000001000000000000338
1	0001000000001000602
1	00010000000010006
1	000100000000100019
1	000100000000100000000000299
1	000100000000010065
1	0001000000000010602
1	00010000000000106
1	0001000000000000338
1	000100000000000011111111299
1	00001110578
1	00001110571
1	00001110338
1	0000110065
1	0000110011111111299
1	000011000000110065
1	0000110000001100000000000000110074
1	000011000000011065
1	000011000000000065
1	00001100000000006
1	00001011602
1	00001011359
1	0000101119
1	000010111111111100000000299
1	0000101100000000359
1	0000101100000000000000000000000074
1	0000100165
1	00001000111111110000000065
1	000010001111101100000000299
1	000010001111000100000000299
1	000010001101001000000000299
1	000010001100000000000000299
1	000010001010101065
1	0000100010101000299
1	00001000101000006
1	000010001001000000000000299
1	0000100010000010639
1	0000100010000000299
1	000010000100000000000000299
1	000010000000110065
1	0000100000001100602
1	000010000000100011111111299
1	000010000000100011111001309
1	000010000000100010101000299
1	000010000000100000001000334
1	0000100000000100602
1	00001000000001006
1	000010000000010000000000299
1	0000100000000010299
1	0000100000000000338
1	000010000000000011111111299
1	000010000000000000000010299
1	000001101111111100000000299
1	000001100000011065
1	0000011000000100602
1	00000110000000100000000065
1	0000010100000101612
1	00000100111111110000000065
1	000001001111100100000000299
1	000001001101101000000000299
1	0000010010100100266
1	000001001001011165
1	000001001001011065
1	000001001001000000000000299
1	000001001000011165
1	00000100100001006
1	0000010010000010639
1	0000010010000000299
1	000001000010000065
1	000001000001011065
1	000001000001010065
1	00000100000100006
1	000001000000100065
1	000001000000010011111111299
1	000001000000010011111101309
1	0000010000000100108
1	00000100000001001010110065
1	000001000000010010000111299
1	00000100000001000000000000000000299
1	0000010000000000602
1	000001000000000000000001299
1	00000100000000000000000074
1	0000001165
1	000000116
1	0000001100001000266
1	0000001100000011642
1	0000001100000011266
1	000000110000001011111111299
1	00000011000000006
1	0000001100000000299
1	000000110000000011111111299
1	00000011000000000000000065
1	0000001060
1	00000010578
1	00000010571
1	000000101111110100000000299
1	000000101101101000000000299
1	0000001010110110266
1	000000101001000000000000299
1	000000101000011165
1	000000101000001165
1	00000010100000106
1	0000001010000000602
1	00000010001000006
1	000000100001010065
1	00000010000010006
1	0000001000000100359
1	000000100000010000000000299
1	0000001000000010639
1	000000100000001011111111299
1	000000100000001010000011299
1	000000100000001000000000338
1	0000001000000010000000000000000074
1	00000010000000100000000000000000299
1	000000100000000100000000299
1	00000001578
1	00000001571
1	00000001334
1	000000011111111100000000299
1	000000011101101000000000299
1	000000011001001000000000299
1	0000000110000011266
1	000000011000001000000000299
1	00000001100000016
1	0000000110000000299
1	0000000110000000266
1	000000010111000165
1	000000010111000100000000299
1	00000001011100000111000165
1	000000010100101000000001299
1	0000000100001000266
1	000000010000001165
1	000000010000001011111111299
1	000000010000000111111111309
1	00000001000000010000000000000000299
1	0000000100000000359
1	000000010000000011111111299
1	000000010000000000000011299
1	0000000100000000000000000000000074
1	00000001000000000000000000000000299
1	00000000565
1	0000000011111111111111111111111101000001391
1	0000000011111111110000011100000101000001391
1	000000001111111101001010299
1	000000001111111101001000391
1	0000000011111101526
1	0000000011111101299
1	0000000011111001526
1	0000000011111001299
1	0000000011110011578
1	0000000011110011299
1	0000000011110011266
1	0000000011110001639
1	0000000011110001526
1	0000000011100110526
1	000000001110001065
1	0000000011100001526
1	00000000111000010110000165
1	0000000011011011299
1	0000000011011010299
1	0000000011010010299
1	0000000011001000299
1	00000000110001011100000165
1	000000001100001165
1	0000000011000011299
1	000000001100001111000011612
1	0000000011000001639
1	0000000011000001578
1	0000000010110100299
1	000000001011010010110100612
1	0000000010110010602
1	0000000010101010602
1	00000000101010001010000065
1	0000000010100110299
1	00000000101001001010000065
1	0000000010100011299
1	000000001010001110100011612
1	00000000101000101000001065
1	000000001010000110100001101000011010000101100000391
1	0000000010100000578
1	00000000101000001010000065
1	0000000010100000000000000000000065
1	00000000101000000000000000000000299
1	0000000010011100299
1	0000000010010110602
1	000000001001001165
1	0000000010010011299
1	000000001001001110010011612
1	0000000010010010299
1	0000000010010000578
1	0000000010010000526
1	0000000010010000000000000000011065
1	00000000100010101000001065
1	000000001000011165
1	0000000010000111299
1	000000001000011110000111612
1	0000000010000110602
1	0000000010000110359
1	00000000100001101000001065
1	0000000010000010578
1	00000000100000101000000065
1	0000000010000010000000000000010065
1	0000000010000001526
1	000000001000000010000010299
1	000000001000000010000000299
1	00000000011100010111000165
1	000000000111000100000000299
1	0000000001101110000000001110100165
1	0000000001101110000000000000000065
1	00000000011000010110000165
1	000000000110000065
1	0000000001100000602
1	000000000110000001100000612
1	000000000110000001010000299
1	00000000010100106
1	00000000010100006
1	0000000001010000526
1	0000000001010000299
1	0000000001010000000000000000000065
1	0000000001001111000000001000000065
1	0000000001001111000000000100000065
1	0000000001001111000000000010000065
1	0000000001001111000000000000100065
1	0000000001001111000000000000010065
1	0000000001001111000000000000000165
1	0000000001001111000000000000000065
1	00000000010011100100101065
1	0000000001001110000000001110100165
1	0000000001001110000000001000000065
1	0000000001001110000000000000100065
1	0000000001001110000000000000001065
1	000000000100101165
1	00000000010010110100101065
1	0000000001001010612
1	00000000010010100100100065
1	00000000010010100000000000000000266
1	00000000010010000100100065
1	0000000001000000391
1	0000000001000000359
1	00000000010000000100000001000000359
1	0000000001000000000000000100000074
1	0000000000100100359
1	000000000010000010000000299
1	0000000000100000000000000010000074
1	00000000000100100001000065
1	0000000000010000359
1	000000000001000019
1	000000000001000011111111299
1	00000000000100000000000065
1	0000000000001100299
1	0000000000001011602
1	000000000000101100000000526
1	0000000000001011000000000000101174
1	0000000000001011000000000000000065
1	000000000000011000000000526
1	000000000000010010100010299
1	00000000000001000000011065
1	0000000000000100000001000000010074
1	000000000000010000000010299
1	000000000000001165
1	0000000000000011474
1	000000000000001000000010642
1	000000000000001000000010299
1	00000000000000100000000065
1	0000000000000010000000000000010065
1	0000000000000001578
1	00000000000000010000000065
1	0000000000000001000000000000000074
1	0000000000000000348
1	0000000000000000111111116
1	000000000000000011111111359
1	00000000000000001111111111111111359
1	000000000000000011111101474
1	000000000000000011111001474
1	000000000000000011110001474
1	000000000000000011110001299
1	000000000000000011100001474
1	000000000000000011001010299
1	000000000000000011000011299
1	000000000000000011000001474
1	0000000000000000110000006
1	0000000000000000108
1	000000000000000010110100299
1	000000000000000010100011299
1	0000000000000000101000006
1	000000000000000010010011299
1	000000000000000010000111299
1	0000000000000000100001006
1	0000000000000000100000106
1	0000000000000000100000016
1	000000000000000010000001474
1	000000000000000010000000474
1	000000000000000001010000299
1	00000000000000000100000001000000612
1	000000000000000000001011299
1	00000000000000000000101100000000266
1	000000000000000000001000474
1	00000000000000000000011000000000266
1	0000000000000000000001006
1	0000000000000000000001000000010065
1	0000000000000000000000110000000000000000299
1	0000000000000000000000106
1	000000000000000000000010474
1	0000000000000000000000016
1	0000000000000000000000005
1	0000000000000000000000001111111111111111612
1	00000000000000000000000011110001299
1	00000000000000000000000011100001299
1	00000000000000000000000011000001299
1	00000000000000000000000010000001299
1	00000000000000000000000001101110266
1	00000000000000000000000001001111266
1	00000000000000000000000001001110266
1	00000000000000000000000000100000333
1	00000000000000000000000000100000326
1	0000000000000000000000000000001065
1	0000000000000000000000000000000165
1	00000000000000000000000000000000602
1	000000000000000000000000000000006
1	00000000000000000000000000000000359
1	0000000000000000000000000000000011100010299
1	0000000000000000000000000000000010110010299
1	0000000000000000000000000000000010101010299
1	0000000000000000000000000000000010010110299
1	00000000000000000000000000000000000001000000000000000000299
1	0000000000000000000000000000000000000001299
1	000000000000000000000000000000000000000000000000612
