483421	0000299
290687	000000000000299
278106	00000000299
120675	111165
117834	00006
111452	00000000612
108269	0000526
98608	299
77625	000065
66568	0001299
66126	000100000000299
59533	00000000266
58273	010000000000299
57799	11111111612
55062	0000474
53485	0100299
49179	111100000000299
42953	00000000642
38673	1011299
37187	0000000065
37082	1111299
36156	00010000266
30116	01000000266
29108	1111359
28717	1111334
27651	101100000000299
27332	000011116
26286	11111111642
26233	1111224
24711	000000006
24241	0000612
23891	00010001612
23477	0000338
22470	0000224
21497	00000000338
20899	0000000165
20702	0000010065
20466	00000000474
20422	00000000602
19233	00000000526
18117	110100110000556
17898	011065
17326	11110001334
15644	00000000334
14369	000165
14205	10111011612
13830	00016
13595	01000100612
13407	0000578
13341	0010299
12587	11110001299
12252	000019
11985	11110100334
11779	0001602
11098	001000000000299
11052	010065
10677	0000602
10546	0000359
10403	1111612
10128	0100602
9873	011000000000299
9690	0000111165
9368	00000001602
9238	01006
9144	11110000266
8954	00000000000000000000299
8916	00000100602
8857	0001224
8847	1010299
8834	011165
8793	01100110612
8699	101165
8545	00001111602
8494	1000299
8476	0000334
8426	11110100299
8414	101000000000299
8274	1111453
8248	00010001299
8248	0000580
8048	1011474
7968	00010000299
7875	11110000642
7745	00010001642
7481	100000000000299
7461	0110299
7326	10116
6670	11111111532
6458	30
6370	01000100642
6358	00000000556
6347	11110000299
6248	111100010000299
6237	01100000556
6207	0011299
6141	11116
6112	00001011526
5970	000000016
5960	111101000000299
5940	01100000338
5903	111100006
5811	0001000065
5624	001100000000299
5559	00000000000065
5535	11111111299
5302	0100000065
5302	00000001299
5199	10110000266
5066	00010000334
5064	000001006
5051	011001000000299
4826	01000000299
4763	000000000000612
4724	000000010000299
4471	0000000019
4455	111110100000556
4455	110110100000556
4387	000100016
4316	1011526
4282	010001006
4229	00001011602
4219	00000100299
4159	0000000000006
4158	111110100000338
4158	110110100000338
4154	01000100299
4113	0110334
4111	01100100334
4067	65
4064	10111011642
4045	000000000001299
3987	000010116
3920	000001106
3878	000000000100299
3799	000001000000299
3774	01100110642
3709	101119
3567	10110000556
3541	111119
3540	1011359
3470	0110359
3470	0110224
3465	01100100299
3393	1111526
3388	111111110000299
3381	00001111299
3367	0000000000000000299
3343	0100224
3307	1111474
3191	101100006
3188	0000000100000000299
3094	000119
3013	00100010612
3013	0000010000000000299
2970	11010011110100010001327
2928	1010474
2924	01110111612
2885	74
2876	1011224
2813	01000100334
2785	0000000000000000612
2761	0001612
2690	0110474
2689	1111000065
2686	00000110602
2642	1011580
2640	00010001334
2604	000000000000000074
2587	00000000359
2490	0001359
2442	00001011266
2414	000100010000299
2407	0000348
2387	000011111111612
2378	10110000338
2378	000000001011299
2358	10100000266
2352	1010526
2341	10101010612
2242	011100000000299
2240	1111580
2219	0100334
2098	0011474
2066	0001571
2058	010019
2044	0001334
2029	00010001000165
2027	0111334
2027	01110001334
2019	00001111266
2006	0000101165
1980	011000010000299
1951	00110011612
1942	0000011065
1860	0000108
1838	0100612
1799	01100000266
1794	0110526
1753	00010000642
1712	00001011299
1707	00000010299
1705	0010474
1690	000001116
1683	10110001299
1679	1111111165
1678	00106
1638	011000006
1616	001019
1610	0100359
1596	0001526
1592	001065
1586	00100000266
1584	1011000165
1567	0001000165
1552	0111359
1551	01110111642
1540	0111224
1520	01110001299
1503	0011526
1489	00116
1485	11010011110101000100327
1485	100100110000556
1407	00010001602
1386	1011010065
1386	10110001334
1386	101100010000299
1359	00100000299
1345	00000000578
1335	1011111165
1334	000000000000000065
1281	0001474
1274	000000000000266
1240	0001338
1236	10000000299
1231	00010000338
1217	000000001111299
1216	0010526
1213	11110000580
1207	101019
1203	11110000602
1203	00000110299
1202	10001000612
1202	0000000000000000266
1196	000000000000526
1194	000000001111474
1191	10110000299
1189	11110000391
1189	1011348
1189	00000000000000000000612
1188	11111011580
1188	11111011391
1188	10111011266
1188	101101000000299
1188	00001011474
1188	00000000224
1188	00000000101100000000299
1188	000000001010299
1188	0000000000001111299
1188	0000000000001011474
1170	00001010299
1169	100019
1155	11111111602
1127	000100000001327
1126	00001111526
1113	1111101165
1108	00110000266
1098	1011612
1098	0100010065
1093	1111000165
1092	1011000065
1089	111111011101110111010011391
1087	0100578
1087	0100571
1087	0100338
1050	0001578
1011	000000000010299
1002	00000011299
993	1111010065
990	01100000642
970	0001580
966	00000000000000001111299
912	000000010001612
897	00000110526
891	10110000642
882	000000001000299
878	43
864	000111110000299
864	00010000602
860	00010001266
855	000000000000327
817	00000000580
814	01000100602
813	010001000000299
798	00000010526
794	0110612
793	1011334
793	10111011602
793	00001011101165
792	328
792	10110001602
792	01000000602
792	000000000000328
715	00000000598
713	0111299
712	00010000000065
711	0010348
711	00100010266
711	001000006
695	000000000011299
693	10111111602
693	10110100602
693	00001111101165
684	00001000299
678	0000001165
674	000100006
672	11111011299
669	111110116
667	111100001011299
666	11111011602
666	11111011266
666	00001011578
664	0001575
663	10000000266
654	100065
653	1000526
651	0001348
643	10001000642
642	00000000000100000000299
640	100000006
636	0000575
634	00000001359
632	000000000000000165
627	00010001338
625	0100526
625	01000100266
624	11110001580
621	0100348
621	010000006
613	10106
612	11110100580
612	11110010580
610	0000001065
608	011019
607	00100010642
606	00000010602
606	00000000010000000000299
604	00000011602
600	1111001101100100391
600	1111001100110001391
600	1111001100100010391
600	011001000000556
600	001100010000556
600	001000100000556
600	00000011526
599	010011110000299
597	00001111111165
597	0000000001006
595	000101000000299
595	0001000100000000299
595	00000001000065
594	11111010580
594	101101006
594	101100016
594	1010348
594	10101010642
594	10101010602
594	10101010266
594	101000006
594	10100000299
594	0110010065
594	0100010000000000299
594	0100000000000000299
594	0001000000000000299
594	000001000100612
594	00000100000065
594	000000000110299
594	0000000000016
594	000000000000010065
592	00000100359
586	10001000266
586	00000000000000000000327
583	1000348
582	11111000580
576	1111001110101000391
576	101010000000556
576	0000101065
576	00001010602
576	00001010526
576	000000000000338
570	011100010000299
551	639
546	11111111266
525	01010101612
525	00001111578
524	111100001111299
522	01110000642
510	1110299
507	1111602
506	0110111165
502	01000000642
495	11111111111111111010391
495	01100110602
459	11110000338
458	0000011165
451	01111111299
450	111111110000338
450	111101106
447	000100001111299
446	11011101612
446	1011602
446	0111612
445	1011101165
444	1110526
444	1110474
444	101110116
444	01111011299
444	000100001011299
439	00110011642
438	101110106
429	000000000000474
427	0100580
422	11111111338
417	00110000299
410	01000100338
407	0101453
401	000000000000602
398	001119
397	00000010266
397	00000000532
396	111111111111111100010000306
396	111100010000306
396	0010580
394	11111111381
387	000100000000338
383	01010101532
383	0010111165
375	111100116
375	111100106
375	0011111165
360	111110106
360	1010111165
358	1000474
346	110100000000299
342	0001108
341	01010101642
340	000001016
337	0001642
329	0101359
328	0101224
324	01106
314	0100474
312	00010001000065
306	000000000001474
301	11110110391
301	0111474
301	0110000065
300	101100116
300	0111526
300	00000111602
300	000000000100474
300	0000000001001111266
300	000000000010474
299	11110100602
299	11110001602
299	01100000299
298	1111578
298	01100110266
297	1111571
297	1111338
297	11111101110111111010391
297	11110110580
297	101001006
297	101000016
297	0110348
297	01010100111165
297	0011348
297	00110011266
297	001100006
296	10110100359
296	01010000391
296	000010110000010065
294	111110011111011101110011391
294	000010106
293	00000000222
289	000000001000474
288	11101110612
288	00001110602
286	000000000000555
274	01010000580
273	01010000642
273	000011110000000065
266	00110010299
257	00000000000019
249	0010001065
245	0011001065
244	110110000000338
243	1101299
240	000100010001299
238	000100100000299
236	1010001065
236	10100010299
229	0000554
225	11110000000065
225	101101106
225	011100006
225	0000000000101011266
225	0000000000011011266
222	111000000000299
222	101111110000299
222	101111106
222	10110001359
222	0110000165
222	000011106
222	000010110000000165
222	00000000000000001011299
221	000000116
216	111000006
216	0000111065
216	0000000010001011266
213	11011101642
205	000011016
203	1101224
202	0011612
201	01010100299
201	00110011299
198	111111111111111101000000306
198	11111111111111110001307
198	11111111110111011010391
198	11110100359
198	111101000000306
198	111100010000307
198	1101001111010001326
198	10010011100100010001327
198	01100100602
198	011001006
198	001100016
198	00011011639
198	000011110000010065
198	00000110011065
197	1111306
197	1111111111110110391
197	0010224
197	0001000100016
196	11111111111111110001301
196	11110001338
195	1101359
190	0000571
188	11010000000065
187	000011010000000065
186	11110100338
174	11110001359
174	000011110000000165
172	00010001359
167	000000000000326
162	000100010000000074
161	1001299
153	00000000639
152	11010000299
150	11111111359
150	101101116
150	1011011065
150	101100106
150	01110000299
150	011010116
150	010010106
150	0011101165
150	0010101165
150	001010106
150	000110106
150	00000001642
149	000011110000111165
148	10111111359
148	000010110000111165
144	1010101165
144	100010106
144	00000000000000000000326
143	0011359
143	00010000555
142	0010602
142	000000010000266
141	01100010299
140	109
139	0110001065
139	0000000068
138	11111010111165
138	0111453
135	100100000000299
135	0000642
129	0000000000000000109
128	11110110111165
126	000000010000327
115	0010612
108	1111575
105	01110111532
105	0000000000000000474
104	000000000000642
103	110165
103	0010011165
101	0111000165
101	01100100338
101	001100110000299
101	000000110011612
101	00000000555
100	0010359
100	00000001526
100	00000001474
99	11111111111111110100307
99	111101000000307
99	1101001111010100326
99	1011338
99	10010011100101000100327
99	011100000010299
99	01100111602
99	01100001602
99	011000016
99	01001011639
99	01000000000065
99	001101006
99	001000100000338
99	00100000359
99	000100000010299
99	00001111111111111010391
99	00001111110111011010391
99	000011011101110111010011391
99	00000111011065
99	00000010578
99	000000100000000065
98	0101299
98	00110010602
98	00110010266
98	001000110000299
98	0000111111110110391
95	010100000000299
93	10011001612
93	01110010580
87	11010000338
85	000110000000299
84	01010000000065
82	1111111119
80	00110000000065
79	100165
79	0110011065
79	00010000333
77	001001106
76	011001106
75	1011011165
75	011110116
75	0110101165
75	011000116
75	011000106
75	010001106
75	010000116
75	0011011065
75	0010011065
75	001000116
75	000101106
75	000100116
75	0000000000101111266
75	0000000000011111266
72	111010116
72	1011111065
72	1010011065
72	100001106
72	100000116
72	011010106
72	0101612
72	0000000010001111266
69	10006
66	1000224
65	110100010000299
65	000010006
65	00000000326
64	11010011111165
64	10010000338
64	000000000000222
60	110111010000338
60	0000000000000000326
59	00001111612
57	1000000065
57	000000010000000065
56	11016
55	11011000000065
55	00010000326
54	000000005
54	000000000000581
53	0001000119
53	000011011000000065
52	0010000065
50	1101612
49	10010000299
49	00110000642
49	000100000001326
49	00000000333
48	11011010111165
48	000010000000299
48	00000001266
47	01110001338
46	1101000065
45	100110010000338
45	00000001612
44	0000001000000000299
43	01116
43	000100010001602
42	1000602
42	0011224
42	000100010000000174
42	0000100000000000299
42	000000100000299
41	11010000642
41	000010016
40	000001010000000065
40	000000110000000065
40	000000010001299
39	526
39	11011000299
38	1111348
38	10010000000065
37	1001359
37	1001224
37	10011001642
37	000010010000000065
37	000000010001642
36	11011101338
36	001000100000299
36	0001011165
36	000100010000327
35	000011110000299
34	11111101299
34	01010100338
34	0000000119
33	11111111508
33	01110010299
33	0101602
33	01010001391
33	0101000065
33	01010000266
33	00010111299
33	000100010000309
33	000000010000602
32	11111111334
32	11111010100165
32	1101575
32	011119
32	0110110165
32	01010101359
32	00110011359
32	0000110165
31	10011001338
31	0000312
31	0000309
31	000000000000556
30	11111111000065
30	000011000000299
29	11111111391
29	011101110000299
29	01110001391
29	01010001299
29	00000001338
28	10010001299
28	00110010338
28	00010000556
28	0000010165
27	11011001299
27	110100006
27	01110111299
27	00010101508
27	000100010000338
27	00010000391
27	00010000000165
27	0000111119
27	000011111111000065
26	11111111580
26	11110001111111111111391
26	01010000299
26	010100000001000100010000391
26	001000010000299
26	000100010000312
26	0000000000000000333
25	01100100101165
25	00110001101165
25	001010000000299
25	001001000000299
25	00100010101165
24	11111010110165
24	11111010000165
24	1101526
24	1101110119
24	10101000101165
24	011100100011001100110010391
24	011100100010001100110010391
24	0110100165
24	010100010001000100010000391
24	00000111612
23	1101474
23	11010000266
23	011100100010001000110010391
22	110119
22	00000001000165
21	010101000100299
21	000001010000299
21	00000001333
21	00000001326
20	100010000000338
20	011100100010001000100010391
20	001100100010299
20	000001100000299
20	00000100266
19	11111010309
19	101065
19	010101010101010101010100391
19	0101010065
19	01000101612
18	111111116
18	111111110000312
18	111110000000299
18	11110001391
18	110110000000299
18	0001111165
18	00010000612
18	000100000000556
18	00001111474
18	00000101299
18	000000010000338
17	100100006
17	0101580
17	01000000338
17	000100000000000074
17	000060
16	111111111010312
16	11111010338
16	1000612
16	010110000000299
16	010101000000299
16	00100010602
15	1101580
15	010101010000299
15	00000001639
15	000000010000000074
14	1001526
14	1001000065
14	10000000639
14	0110338
14	01010100110165
14	01010100100165
14	01010100000165
14	000111010000299
14	000110010000299
14	00010000639
14	00001000639
13	111111111111299
13	0111000065
13	01110000266
13	01010101299
13	000010000000000065
13	00000000001000000000299
13	0000000000010001612
12	1111110165
12	111100110101001101100010391
12	1001575
12	1001100119
12	10011000299
12	1001000165
12	10010000642
12	10001000602
12	10000000000065
12	0101010119
12	0011001119
12	000100010001327
12	00000111299
11	11011101299
11	1101100165
11	1001474
11	0111011165
11	010165
11	0100010165
11	000000000000359
10	111111111111111111111111391
10	1101602
10	1101348
10	10010000266
10	011101100000299
10	00100000639
10	00001101299
10	0000100165
10	00000100526
10	00000010639
10	00000000000000000000474
9	111111011101110111011000391
9	111101010101001101100100391
9	111100010101001101100001391
9	111100000000309
9	11011111612
9	110111016
9	01016
9	0101526
9	0011000065
9	00000100639
9	000001000000000065
8	79
8	111111111111312
8	111111110000000000000000391
8	11110101391
8	11010011110165
8	11010011100165
8	11010011000165
8	11000000266
8	10011001359
8	0110312
8	0110309
8	01010000612
8	0100011165
8	0011580
8	00110000612
8	00010100266
8	0000110119
8	00000100578
8	00000100474
8	00000000100000000000299
7	111111111111111100011111391
7	1111000019
7	111100000001299
7	1101453
7	11011111299
7	11011101000065
7	110111000000299
7	11011000338
7	100119
7	10011000338
7	100011110000299
7	100010006
7	011101116
7	01110000000065
7	010119
7	01010110299
7	00010001333
7	00010001326
7	000011011101000065
7	000001010101612
7	00000001578
7	000000010000000174
7	000000001101299
7	000000000101299
6	11111111111165
6	111111111111010101010100391
6	111111111111001100110010391
6	111111111101001100110010391
6	111111111101000100010001391
6	11110011391
6	111100010001000000010000391
6	1101111165
6	110000000000299
6	10016
6	1001100065
6	1000110165
6	100001006
6	100000010000299
6	011101010101010101010100391
6	011100000100299
6	01011100299
6	0100111165
6	01000000359
6	00111111391
6	001100110000309
6	001000106
6	00100010299
6	0001110165
6	00010000359
6	00001100299
6	00001000474
6	000001110111612
6	000000010000109
6	0000000100000000266
6	000000000111299
5	1111554
5	111100100000299
5	11011101602
5	11011101532
5	11010010299
5	10111001299
5	100110001000299
5	10001000000065
5	10000000642
5	0111580
5	01010101010101010100307
5	010101010100309
5	01010100580
5	01010100334
5	010001010000299
5	01000000639
5	00110010334
5	001011110000299
5	00001101266
5	000011011101612
5	000001110000299
5	00000101474
5	0000000100016
5	000000000000575
5	000000000000109
5	00000000000000000001299
4	111111110110312
4	111111110110309
4	111111110100010001001111391
4	11111101580
4	111111011101110101001101391
4	11110110338
4	1111010119
4	111101010101000001000000391
4	11110100266
4	111101000101000001000000391
4	1111001119
4	111100110011000000100000391
4	11110010299
4	111100100011000000100000391
4	1111000119
4	11110001111111011101391
4	11110000359
4	11110000001165
4	1101110165
4	11011101334
4	11011101266
4	11011000334
4	11010001299
4	110100000001299
4	1011100165
4	1001612
4	10011001334
4	1000580
4	1000359
4	1000111165
4	1000100065
4	100010000000299
4	0111554
4	0111348
4	01110111011165
4	0111010065
4	01110100602
4	011101000111001000100010391
4	011100100000306
4	0111000019
4	01110000000165
4	01101101602
4	0101474
4	01011000299
4	01010101381
4	010101010101010101100000306
4	010101010101010101010000306
4	010101010100312
4	01010100612
4	01010010299
4	010100101111299
4	010100010000306
4	01010000338
4	010100000000000074
4	01001111602
4	01000100359
4	01000100000065
4	001165
4	00110010612
4	00110000338
4	001100000000000074
4	0010100065
4	001001006
4	001000111111299
4	00010111266
4	000101110000299
4	000101006
4	00010010299
4	000100010001612
4	00010001000100000001327
4	00001000602
4	00001000526
4	00001000266
4	00000111578
4	00000101602
4	000001010000000074
4	0000010100000000299
4	00000011474
4	000000110000000074
4	0000001100000000299
4	00000000597
4	00000000000074
4	0000000000000000642
3	111111111111111110001111391
3	111111111111111101001111391
3	111111111111111100101111391
3	111111111111000100010001391
3	111111111101010101010100391
3	111111111000100010001111391
3	111111110010001000101111391
3	111111011101100110011000391
3	111111011101100011001000391
3	11111001580
3	1111100111110011391
3	111110011001100110001001391
3	111110010101001100101000391
3	11110101299
3	111101010101110111011000391
3	111101010000299
3	11110010266
3	11110001266
3	11110001110110011001391
3	11110001100100010001391
3	111100010001000100010001391
3	11110000639
3	11110000612
3	1111000011111111359
3	11110000010165
3	11110000000165
3	110111011101110111011000391
3	110111011010312
3	110111010000312
3	11011010338
3	11010101299
3	1001348
3	1001100165
3	10011001602
3	10011001266
3	100110010000312
3	1000578
3	100010001111309
3	10000100299
3	1000001065
3	0111111165
3	01111111508
3	01110101299
3	011101010000299
3	011101000111001000110010391
3	011100100000299
3	0111000101110111359
3	01110000602
3	01100001299
3	01100000602
3	01011111391
3	01010111299
3	010101010000309
3	01010100266
3	00011111391
3	00010110391
3	00010101299
3	00010100299
3	00010000000100000000327
3	00001111639
3	00001001474
3	00001001299
3	0000100119
3	0000100065
3	00000110642
3	00000010474
3	000000010001334
3	000000001011474
3	000000000000334
2	111111111111309
2	111111010000299
2	11111000299
2	1111010111110100391
2	11110101010101010100391
2	111100111111299
2	11110001612
2	111100011111299
2	111100011101299
2	11110000111165
2	111100001101299
2	11110000100065
2	110110000000306
2	11010100299
2	110100111111299
2	11010010612
2	11010000100065
2	11010000000165
2	110065
2	11001100642
2	1001580
2	10010000612
2	10001000299
2	100000100000299
2	100000000000000074
2	01110111381
2	011101110111299
2	01110100580
2	011101000101010101010100391
2	01110000010065
2	01110000001065
2	0110602
2	0110578
2	0110011165
2	011001110000299
2	01100000000065
2	0101348
2	0101306
2	0101010165
2	01010101266
2	0101010101016
2	010101010101010111000000306
2	010101010100010101010100391
2	010101001111299
2	010100100000307
2	010100011101299
2	010100010001000100000000391
2	010100010000307
2	010100010000000100010000391
2	010100000001000100000000391
2	0100453
2	0100110165
2	010010010000299
2	0100100065
2	010001011111299
2	01000100532
2	01000100111165
2	010001001111309
2	01000010602
2	010000106
2	010000100000299
2	01000001602
2	010000016
2	010000010000299
2	00111011299
2	00111000299
2	00110100299
2	00110001299
2	00100111266
2	00100100299
2	001000101111309
2	001000000000000074
2	000101110111359
2	000101110000359
2	000101016
2	00010010612
2	000100011111299
2	000100011101299
2	0001000100010000333
2	0001000100006
2	000100000001299
2	00010000000100010000327
2	00010000000100010000326
2	00010000000100000000326
2	00001101526
2	00001101474
2	000010111011612
2	000010001000000065
2	000010000000000074
2	00000101508
2	00000010001065
2	000000010001602
2	00000000554
2	00000000391
2	000000001001299
2	0000000001106
2	0000000001016
2	0000000000010000338
2	000000000000571
2	0000000000001011299
2	0000000000000000602
1	539
1	474
1	111111111111359
1	11111111111111110100301
1	111111110110391
1	1111111101006
1	11111111000165
1	11111101602
1	11111101391
1	11111101266
1	1111110119
1	111111010000000000000000391
1	11111001602
1	11111001391
1	1111100119
1	111110011001000010000000391
1	111110010000000000000000391
1	1111100065
1	11111000612
1	11111000602
1	11111000266
1	1111100019
1	111110001111299
1	111110001011299
1	111110001001000010000000391
1	111110000000000000000000391
1	11110111299
1	1111011119
1	111101111111612
1	111101011111299
1	111101011111111111110100391
1	111101010101010101010100391
1	11110100639
1	11110100612
1	1111010019
1	111101000101299
1	111100101111312
1	111100016
1	11110001111165
1	111100011111312
1	111100010000000000000000391
1	11110000010065
1	111100000000571
1	111100000000000074
1	1101578
1	110111116
1	11011111266
1	11011111011165
1	110111110100359
1	110111110000299
1	110111011101312
1	110111011101100011001000391
1	11011000580
1	11011000110165
1	110110001101299
1	11010110391
1	110101011111299
1	1101010111110100391
1	110101011101299
1	110101010101110111011000391
1	11010101010101010100391
1	11010100580
1	110101000000299
1	11010010359
1	11010001580
1	11010001391
1	11010001266
1	11010000639
1	11010000359
1	11010000100165
1	11010000010165
1	1100602
1	1100299
1	110019
1	110011006
1	11000000000065
1	10110000602
1	10110000000065
1	1011000000000000299
1	10011111391
1	100110011001312
1	10011000612
1	10011000334
1	1001010019
1	10010010266
1	100100000000000074
1	100011110000000074
1	10001101299
1	10001101266
1	100011006
1	1000101165
1	100010110000299
1	100010011101299
1	100010010000299
1	100010001111299
1	100010001101299
1	100010001001309
1	10000111111165
1	100001010000299
1	10000100266
1	10000010299
1	10000000359
1	100000001011299
1	100000000010299
1	0111306
1	01111000299
1	011110001101299
1	01110111266
1	0111010165
1	011101000111299
1	011101000101299
1	011101000000299
1	01110011299
1	01110011010101010100391
1	01110010111165
1	01110010011165
1	01110001602
1	011100016
1	01110001580
1	011100010100299
1	01110000580
1	01110000391
1	0111000011111111359
1	011100001000299
1	01110000011065
1	011100000001299
1	0110580
1	0110575
1	0110571
1	01101111602
1	0110011001106
1	01100001266
1	01100001011165
1	011000000000000074
1	0101554
1	01011111602
1	01011111299
1	010111111111612
1	01011101299
1	0101110119
1	010111011101612
1	01011100338
1	010110011101299
1	01011000266
1	010110001101299
1	010110000000307
1	01010110338
1	01010101338
1	01010101010165
1	010101010101299
1	01010101010101010110301
1	01010100602
1	010101001101299
1	010101000111001000110010391
1	01010100010101010101301
1	010100110000299
1	01010010011165
1	01010001580
1	01010001266
1	010100011111299
1	010100010000299
1	0101000001110111359
1	01010000010065
1	010100000001299
1	01001111639
1	010011116
1	010010110000299
1	01001000602
1	010010006
1	010010000000299
1	01000111266
1	010001100000011074
1	01000101299
1	01000101266
1	010001011101299
1	01000101010165
1	010001010101299
1	01000101010101010101301
1	010001010100312
1	01000100580
1	01000100391
1	010001001101309
1	010001000101299
1	0100010001006
1	01000001391
1	01000001359
1	010000000000000074
1	0011010065
1	00110100602
1	00110100266
1	0011000165
1	00110001602
1	00110001266
1	00110000602
1	001060
1	001011010000299
1	001010010000299
1	00100100266
1	00100010011165
1	001000001000299
1	00011111266
1	00011011612
1	000110110000299
1	0001100019
1	000110001111299
1	000110000000000074
1	00010110359
1	0001010165
1	000101010101299
1	000101010000299
1	000101000000010074
1	000100110000299
1	0001001065
1	00010010602
1	00010010266
1	000100100000000074
1	000100011111309
1	000100010100299
1	0001000019
1	000100000001602
1	0001000000006
1	000100000000571
1	000100000000312
1	000011110110391
1	0000111100000000299
1	00001101639
1	00001101578
1	000011010000299
1	000011006
1	00001001602
1	00001001526
1	000010010000299
1	000010010000000074
1	0000100100000000299
1	00001000578
1	000010001000612
1	000010001000299
1	00000111526
1	00000111266
1	00000111011165
1	00000101578
1	00000100391
1	0000010001010101359
1	000001000000000074
1	000000110000299
1	000000100010612
1	000000100010299
1	000000100000000074
1	000000011111299
1	000000010001266
1	000000010001000065
1	000000010000000165
1	00000000348
1	00000000342
1	0000000011111111359
1	000000001101474
1	0000000011006
1	000000001001474
1	000000000110474
1	000000000101010065
1	0000000001000100612
1	00000000001065
1	00000000000165
1	0000000000010001299
1	0000000000010000299
1	0000000000005
1	0000000000001101299
1	0000000000001001299
1	0000000000001000299
1	0000000000000001299
1	00000000000000010001612
1	00000000000000006
1	0000000000000000359
1	00000000000000001000299
1	0000000000000000010000000000299
