483421	00000000299
290687	000000000000000000000000299
278106	0000000000000000299
117834	000000006
111452	0000000000000000612
108269	00000000526
98608	299
77625	0000000065
59533	0000000000000000266
55062	00000000474
42953	0000000000000000642
37937	1111000165
37187	000000000000000065
36785	00010000299
35227	000100000000000000000000299
31439	000001000000000000000000299
30850	000000010000000000000000299
29751	00000001299
29272	00000100299
26824	010000000000000000000000299
24849	1111010065
24849	1111000065
24711	00000000000000006
24241	00000000612
24213	01000000299
23477	00000000338
22590	00011010299
22470	00000000224
21497	0000000000000000338
20466	0000000000000000474
20422	0000000000000000602
20140	11111111299
20111	1111111165
19233	0000000000000000526
19149	1111111111111111612
18856	0001000000000000266
18117	110100000011000000000000556
17876	0000010000000000266
17737	000110100000000000000000299
17486	0001000000010000612
17296	0000000100000000266
16855	111111110000000000000000299
15644	0000000000000000334
13407	00000000578
12252	0000000019
12238	0100000000000000266
11872	000000000001000065
11096	000000000100000065
10778	1111000111110001612
10677	00000000602
10546	00000000359
9982	111100010000000000000000299
9606	000000000000010065
9585	0001000065
9395	11110001334
9111	0110010065
9013	000000000000000165
8954	0000000000000000000000000000000000000000299
8838	0010010065
8818	0011010065
8476	00000000334
8259	10111010299
8248	00000000580
8121	10100000299
7951	000100006
7920	1111000011110000612
7863	1111000100000001334
7524	1111010011110100612
7484	00000010299
7327	00010000224
7206	00000000111100016
7204	11110001224
7204	1111000111110001642
7195	11110001359
7112	101000000000000000000000299
7086	11111111453
6810	0000010000000100612
6777	0100000001000000612
6732	1111010165
6732	111100000000000000000000299
6731	111101000000000000000000299
6509	00010000602
6508	001001000000000000000000299
6504	0001000000010000299
6496	000000100000000000000000299
6479	11111111359
6472	1111111111111111532
6458	30
6358	0000000000000000556
6339	00011010474
6336	11110100334
6336	1111010000000100334
6336	11110000359
6336	11110000334
6336	11110000224
6336	1111000011110000642
6336	1111000000010000334
6336	00000000111100006
6334	0000000100000001612
6288	1111111100000000266
6237	0010010000000000556
6206	11111111612
6166	00100100299
6156	1111111100000000299
6084	000000001111111165
5940	0010010000000000338
5893	0100000065
5877	000000016
5569	00100000299
5559	00000000000000000000000065
5490	0001000000000000299
5463	00000100602
5270	00000001602
5167	000001006
5158	0000010065
5149	0000000000011010526
5148	1111000000010000299
5066	0001000000000000334
4996	00110000299
4957	0001101000011010612
4914	00111110299
4908	0000000000010000602
4904	1111111111111111299
4787	0000000165
4763	000000000000000000000000612
4752	11110100359
4752	11110100224
4752	1111010011110100642
4752	00000000111101006
4714	0001000000010000642
4695	1111000100000001299
4665	01000000602
4645	11111111334
4515	0010010000100100612
4471	000000000000000019
4459	0000000001000000602
4458	0000000000000001602
4457	0000000000000100602
4455	111111111010000000000000556
4422	101110106
4422	00000000111111116
4386	101110100000000000000000299
4362	10000000299
4169	1111111111111111642
4159	0000000000000000000000006
4158	111111111010000000000000338
4158	110100011010000000000000556
4158	110100011010000000000000338
4132	00001000299
4123	11111111224
4071	010000006
4067	65
4026	001000000000000000000000299
3910	001100000000000000000000299
3790	100000000000000000000000299
3691	000010000000000000000000299
3682	0000000011111111602
3568	00011010526
3567	0001101000000000556
3566	0001101000000000266
3564	1111010000000100299
3550	00000000000100006
3367	00000000000000000000000000000000299
3287	0000010000000100642
3253	0000000000010000299
3216	1011101065
3176	000100000000000065
3082	0100000001000000642
3040	11111111526
2991	0000000100000001642
2885	74
2871	00000000000001006
2821	000000000001000000000000299
2798	000001000000000065
2785	00000000000000000000000000000000612
2697	0000000011111111299
2615	000000010000000065
2604	0000000000000000000000000000000074
2587	0000000000000000359
2560	11111111000000006
2532	001001000000010000000000299
2527	111111111111111100000000299
2504	010000000000000065
2499	00111010299
2490	0110010001100100612
2477	0001101000011010642
2464	001111106
2452	1111111119
2441	0000000100000000299
2433	001111100000000000000000299
2429	0011010000110100612
2427	10111110299
2419	0000010000000000299
2407	0100000000000000299
2407	00000000348
2390	1111000100000000642
2384	000000001111111111111111612
2378	0001101000000000338
2378	00000000000000016
2376	0001101019
2376	000000000000000000011010299
2286	00010000000100006
2265	1011101010111010612
2235	111100010000000100000000299
2213	11100001299
2193	00000000010000006
2187	10110000299
2178	0000010000000100299
2163	0000000001000000299
2148	00000100000001006
2143	11111111474
2130	011001000000000000000000299
2108	001101000000000000000000299
2094	01100100334
2094	0110010001000000334
2085	000000000000000000010000299
2079	1011000010110000612
2071	01000000010000006
2054	0000000000000100299
2049	00000001000000016
2047	0000000000000001299
2037	00100100334
2037	0010010000000100334
2033	00110100334
2033	0011010000010000334
2029	00010000000100000001000065
2016	00000000011001006
1987	0100000001000000299
1980	01100100359
1980	01100100224
1980	0110010001100100642
1980	0110010001000000299
1980	001001000100000000000000299
1980	001001000001000000000000299
1960	000000000000000000000001299
1959	000000000000000000000100299
1957	00010000612
1956	0001000019
1950	000100000001000000000000299
1919	000000000000000001000000299
1904	000000000000010000000000299
1903	000000000000000100000000299
1885	000000000100000000000000299
1860	00000000108
1857	00000000001001006
1856	0000001000000010612
1854	00010000359
1842	111111110001000000000000299
1838	111111110100000000000000299
1834	111100010100000000000000299
1786	1111010111110101612
1785	0011111065
1783	111111110000000100000000299
1782	1010000000000000266
1782	0010010000100100642
1757	01000000224
1740	0000000100000001299
1687	1110000111100001612
1685	0101101001011010612
1683	1011010065
1683	1011000165
1683	1011000065
1680	00000000000100000000000000000000299
1617	001110106
1599	10111011299
1586	1111111100000001299
1586	00000100224
1585	00000000000110106
1584	1111111100000001334
1584	11110101359
1584	11110101334
1584	11110101224
1584	1111010111110101642
1584	1111010100000100334
1584	1111010100000100299
1584	111101010000000000000000299
1584	1111010000000000642
1584	1111000000000000642
1584	00000000111101016
1572	10111010580
1572	0000000010111010266
1571	00010000571
1560	00000000001101006
1545	111111110000000065
1535	0001000000000000642
1532	1111000101000000334
1531	1111111101000000334
1530	1111111100010000334
1508	00000000000001000000000000000000299
1506	00000000000000010000000000000000299
1505	00000000010000000000000000000000299
1499	11110001612
1490	00000001224
1488	11111010299
1487	001100006
1485	1101000000110000110100000001000000010000327
1485	1101000000110000110100000000010000000100327
1485	1101000000110000110100000000000100000001327
1485	100100000011000000000000556
1485	00110100359
1485	00110100224
1485	0011010000110100642
1485	0011010000010000299
1485	00100100359
1485	00100100224
1485	0010010000000100299
1485	0000000011100001602
1485	0000000010110000602
1485	0000000000100100602
1476	10100000526
1476	10100000474
1476	0100000001000000334
1470	001110100000000000000000299
1407	0011111000111110612
1396	0001000000010000334
1386	111100010000010000000000299
1386	0001101100011011612
1386	00000000010110106
1345	0000000000000000578
1338	00100100474
1334	0000000000000000000000000000000065
1329	0000010000000100334
1290	11111011299
1290	00011010224
1288	00011010359
1274	000000000000000000000000266
1264	00010000526
1254	101111106
1254	101111100000000000000000299
1245	0000000100000001334
1218	0000001065
1216	1111111100000000642
1213	1111111100000000580
1207	1010000019
1204	000000000000000011111111299
1202	1111111100000000602
1202	100100100000000000000000299
1202	00000000000000000000000000000000266
1196	000000000000000000000000526
1190	00011010000000006
1190	0000000000011010602
1190	0000000000011010299
1190	000000000000000011111111474
1189	1111111100000000391
1189	1001001010010010612
1189	0001101000000000299
1189	0000000000000000000000000000000000000000612
1188	1111111100011010580
1188	1111111100011010391
1188	1010000010100000612
1188	00100100000000006
1188	0010010000000000266
1188	00011010348
1188	0001101000011010266
1188	00000000000110116
1188	0000000000011010474
1188	0000000000000000224
1188	000000000000000010100000299
1188	0000000000000000000110100000000000000000299
1188	00000000000000000000000000011010474
1186	00000000000000000000000011111111299
1179	01000000334
1176	0011101065
1172	0001000000000000338
1140	1111111100010000299
1138	000000106
1138	0000000119
1137	1111111101000000299
1136	1111000101000000299
1127	000100000000000000010000327
1125	0000010019
1110	00010000474
1103	00010000334
1098	101100000000000000000000299
1067	000100000001000065
1041	00100100526
1032	00000100334
1027	0000001019
1012	000100100000000000000000299
990	01011010359
990	01011010224
990	0101101001011010642
990	0001111000011110612
990	00000000000111106
984	0000000000000010299
964	0000001000000000266
959	111000010000000000000000299
948	00000001334
942	01000000612
933	0100000019
912	1011111065
908	11100001000000006
900	0001000000010000602
897	00111111299
896	00000100612
893	00000100359
891	10110000000000006
891	00011110359
891	00011110224
891	0001111000011110642
891	00011011359
891	00011011224
891	0001101100011011642
891	000000001110000165
891	000000001011000065
891	000000000010010065
883	00000010474
878	43
858	101110116
858	101110110000000000000000299
857	00111110580
855	0000000000111110266
855	000000000000000000000000327
830	01111110299
821	00010010299
817	0000000000000000580
810	10110000474
804	1011101019
804	1011101000000000266
804	00000001612
802	111110106
801	00000000101100006
796	111110100000000000000000299
792	328
792	11110000453
792	010110100000000065
792	000000000000000000000000328
774	1111101111111011612
774	0000000011111011602
745	00010000338
744	11100011299
744	1110001111100011612
744	0000000011100011602
743	00110000526
741	0000001000000000299
740	00110000474
721	0001001000010010612
717	01000000359
715	0000000000000000598
693	11110100612
693	11110000612
693	111100001101000011010000110100001101000000110000391
693	0000000010111010602
681	1011111010111110612
669	00010000580
663	00111011299
648	00010000575
636	00000000575
632	00000010526
625	1000000000000000299
624	1011101165
624	00000110474
624	0000011000000110612
624	000001100000000000000000299
624	00000011474
624	0000001100000011612
624	000000110000000000000000299
619	1000000010000000612
618	0010000000000000299
614	000000000001000000010000612
613	101000006
612	01111010299
611	0000100000000000299
606	0011000000110000612
606	0010010019
602	010000000100000065
601	11100001474
596	00000001359
594	1111111110100000580
594	1011010010110100612
594	1011000110110001612
594	10100000348
594	1010000010100000642
594	1010000010100000602
594	1010000010100000266
594	10100000000000006
594	1010000000000000299
594	000110100100000065
594	000110100100000000000000299
594	000110100001000065
594	000110100001000000000000299
594	000110100000010065
594	000110100000010000000000299
594	000110100000000165
594	000110100000000100000000299
594	0000000010100000299
594	0000000000100100299
594	000000000000000000110000299
594	000000000000000000100100299
593	01000000578
593	01000000571
593	01000000338
589	0010000019
588	10110010299
588	1011001010110010612
588	0000000010110010602
587	1000000019
586	0000000000000000000000000000000000000000327
584	1111101065
583	0000100000001000612
582	0000100019
581	0010000000100000612
578	010000100000000000000000299
578	00010010474
577	1000001010000010612
576	10000010474
576	100000100000000000000000299
576	01000010474
576	0100001001000010612
576	00100010474
576	0010001000100010612
576	001000100000000000000000299
576	00001010474
576	0000101000001010612
576	000010100000000000000000299
576	000000000000000000000000338
573	00010000000000000000000065
573	000000000000000000000010299
558	11100011000000006
558	000000001110001165
558	0000000000111110602
555	00010000578
552	011001000100000000000000299
551	639
548	001101000001000000000000299
540	001000006
516	11111011000000006
516	000000001111101165
513	10110000526
513	000100000100000000000000299
507	0000000100000001602
505	1111000100000000266
499	0000010000000100602
498	01011010612
498	00011010612
498	000000010000000165
495	1111111111111111111111111111111110100000391
495	0110010000000000642
495	0011010000000000642
495	00100110299
495	0010010000000000642
495	0001101100000001299
495	0001101000010000299
495	0001001000000000266
495	000001000000010065
495	00000001578
495	00000001571
495	00000001338
494	1111010000000000266
494	1111000000000000266
494	0101000001010000612
494	00000100578
494	00000100571
494	00000100338
491	000100001111111100000000299
474	10111010000000006
474	000000001011101065
468	0001000000000000602
456	10111110580
456	0010011000100110612
456	0000000010111110266
456	0000000000100110602
446	0011111019
442	0011111000000000266
442	000000000000000000001000299
441	10110010000000006
441	00111010580
441	0011101000111010612
441	0001000000010000266
441	000000001011001065
441	0000000000111010266
440	000000000000000010000000299
438	000000000000000000100000299
435	0000000000100000299
432	010000000100000000000000299
429	1011101110111011612
429	001111116
429	001111110000000000000000299
429	001110116
429	000000000000000000000000474
419	0000000100000001266
417	00000010348
417	0000001000000010266
417	00000010000000006
411	0000000000000010526
407	01010000453
402	111111111011101065
402	1111111110111010602
402	1111111110111010299
402	1111111110111010266
402	111111110000000010111010299
402	10111010474
402	10111010359
402	101110101111111165
402	0000000010111010578
402	0000000010111010526
401	000000000000000000000000602
399	1111101011111010612
399	000110100000000065
398	011111100000000000000000299
397	0000000000000010266
397	0000000000000000532
396	11110101612
396	111101010000010000000000299
396	1111010100000000642
396	11110100453
396	111101001101000011010000110100001101000000110000391
396	111101000000010000000000299
396	111100000001000000000000299
396	10110100334
396	1011010000000100334
396	101101000000000000000000299
396	10110001334
396	1011000100000001334
396	101100010000000000000000299
396	10110000359
396	10110000334
396	10110000224
396	1011000010110000642
396	1011000000010000334
396	1011000000010000299
396	011111106
396	011110106
396	01100100612
396	0101101001000000299
396	0100000000000000602
396	00110100612
396	00100100612
396	0010010000100100602
396	00011011612
396	000110110000000065
396	0001101000000000642
396	0000010000000000602
396	00000010580
396	0000000100000000602
391	0000000000010010299
390	001110110000000000000000299
387	000100000000000000000000338
383	0101000001010000532
374	0010000065
372	00111110000000006
372	000000000011111065
366	111110101011101065
366	10111010602
366	0111000010111010299
366	000100000000000010111010299
365	0001000000010000338
364	000000000001001065
361	10000000526
360	011110100000000000000000299
350	1000000010000000642
349	10000000000000006
343	0000000010000000299
342	00100110000000006
342	00010000108
342	000000000010011065
341	0000000000001000299
340	000000010000000100000000299
340	0000000000000000000100000000000000000000299
339	000001000000010000000000299
338	00000001000000006
337	00010000642
337	0000000000010000359
336	00010000000000006
336	0000000000000000000000000000000011111111299
335	1000000000000000266
335	0000000000000000000000000001000065
334	0010000000000000266
332	1000000065
330	00010000348
328	0000100000000000266
324	00000001526
322	0000100065
321	1111111100000001580
321	00000001348
319	00000100526
318	1111111100000010580
318	000000000000001065
317	1111111111111111602
317	0011000000110000642
317	001001006
316	0000010000000100266
316	0000001000000010642
315	1111111100000100580
315	0100000001000000602
315	00000100348
315	00000100000000006
315	0000000000000010602
312	11111111000100100000011000000100391
312	11111111000100100000001100000001391
312	11111111000100100000001000000010391
312	10111011580
312	0011111165
312	0011101165
312	00000110526
312	00000110299
312	000001100000010000000000556
312	0000011000000000266
312	00000011526
312	00000011299
312	000000110000000100000000556
312	0000001100000000266
312	000000100000001000000000556
312	0000000010111011266
312	000000000000011065
312	0000000000000110602
312	0000000000000110526
312	0000000000000110299
312	000000000000001165
312	0000000000000011602
312	0000000000000011526
312	0000000000000011299
311	00010000000100000000000065
309	0100000001000000266
307	0011000000000000299
306	11100001526
306	1101000011010000612
306	01000000526
306	01000000348
306	01000000000000006
305	1110000100000000266
305	0000000000000000010000000000000000000000299
303	1111111100010000580
303	0000000011111111526
302	0000000000000000000000010000000000000000299
301	0011000000000000266
301	0000000000000000000001000000000000000000299
300	111111110001000065
300	0000000000000000010000006
299	010000001111111100000000299
299	00000000111111111111111165
299	0000000000110000299
298	111111110100000065
298	0001101000011010602
298	00010000000100000000000000000000299
298	000000011111111100000000299
298	00000000111000016
298	0000000011100001526
298	0000000011100001299
298	00000000000110100001101065
298	00000000000100000000000065
298	000000000000000100000001612
297	1111111111010001110100011111111110100000391
297	1111111101000000580
297	1111111100100100580
297	1111111100100100391
297	11111111000110106
297	111111110000000165
297	111000010000000065
297	110000011010000000000000556
297	10110100359
297	10110100224
297	1011010010110100642
297	1011010000000100299
297	10110001359
297	10110001224
297	1011000110110001642
297	1011000100000001299
297	101100000000000065
297	1011000000000000266
297	0101101001000000334
297	0101101000000000642
297	01000000010000000000000000000000299
297	01000000000000000000000000000000299
297	00110000348
297	0011000019
297	0011000000110000266
297	00110000000000006
297	00100100348
297	0010010000100100266
297	001001000000010065
297	001001000000000065
297	0010010000000000299
297	00011110612
297	0001111000000100334
297	0001111000000100299
297	0001111000000000642
297	0001101100000001334
297	0001101100000000642
297	000110101111111165
297	0001101001011010602
297	0001101001000000602
297	00011010010000006
297	0001101000011110602
297	0001101000011011602
297	0001101000010000602
297	00011010000100006
297	0001101000010000334
297	0001101000000100602
297	00011010000001006
297	0001101000000001602
297	00011010000000016
297	00010000000000000000000000000000299
297	00000100580
297	00000100000001000000000000000000299
297	0000010000000000642
297	00000100000000000000000000000000299
297	00000001580
297	00000001000000010000000000000000299
297	00000001000000000000000000000000299
297	00000000101101006
297	00000000101100016
297	0000000010110000526
297	0000000010110000299
297	00000000010110100001101065
297	000000000100000001000000612
297	00000000010000000000000065
297	0000000000100100526
297	00000000000111100001101065
297	00000000000110110001101065
297	000000000000010000000100612
297	00000000000001000000000065
297	0000000000000001359
297	00000000000000010000000065
297	0000000000000000000100006
297	0000000000000000000001006
297	0000000000000000000000016
297	0000000000000000000000000100000065
297	0000000000000000000000000000010065
297	0000000000000000000000000000000165
296	0101000000000000391
296	00100000526
296	000001001111111100000000299
296	0000000001000000359
296	0000000000000100359
295	1000000010000000266
294	1111111100100000580
294	0011101019
294	0011101000000000266
294	00100000348
294	0010000000100000266
294	00100000000000006
293	0100001000000000266
293	0000100000001000642
293	0000000000000000222
292	10000000348
292	00010010526
292	00001000526
291	1111111110000000580
291	1111111100001000580
291	0010000000100000642
291	00001000348
291	0000100000001000266
291	00001000000000006
290	0000000011111010266
290	0000000001000010299
290	0000000000010010602
289	11111010580
289	0111101065
289	01000010299
288	11111111000100101000001010000000391
288	11111111000100100100001001000000391
288	11111111000100100010001000100000391
288	11111111000100100001001000010000391
288	11111111000100100000101000001000391
288	10000010526
288	10000010299
288	100000101000000000000000556
288	1000001000000000266
288	0111111065
288	01000010526
288	010000100100000000000000556
288	00100010526
288	00100010299
288	001000100010000000000000556
288	0010001000000000266
288	000100100001000000000000556
288	00001010526
288	00001010299
288	000010100000100000000000556
288	0000101000000000266
288	000000001000001065
288	0000000010000010602
288	0000000010000010526
288	0000000010000010299
288	000000000100001065
288	0000000001000010602
288	0000000001000010526
288	000000000010001065
288	0000000000100010602
288	0000000000100010526
288	0000000000100010299
288	0000000000010010526
288	000000000000101065
288	0000000000001010602
288	0000000000001010526
288	0000000000001010299
286	000000000000000000000000555
282	11110001299
279	00000000010100006
275	0101000001010000642
274	0101000000000000580
273	0011111100111111612
272	01010000359
271	01010000224
263	1111111111111111338
258	0000000000000000000000000000000011111011299
257	00000000000000000000000019
252	111111111111111100000000338
252	0111111001111110612
246	0101000000000000642
246	00100000474
244	110100001000000000000000338
236	101000000010000065
236	1010000000100000299
232	0100000001000000338
230	000100000001000000010000299
229	00000000554
228	1011111019
228	1011111000000000266
228	10100100526
228	10100100474
227	111111110011111065
225	1111111100111110602
225	00111110474
225	00111110359
225	0000000010111110602
225	0000000000111110526
222	1111111100111110299
222	111111110000000000111110299
222	001111101111111165
221	0000000000111110578
220	1111111100111110266
212	10000000474
210	01010000010000001111111165
205	0100000000000000642
202	00010010612
201	1110000111100001602
201	11000001299
201	0001001000010010299
198	1111111111111111110100011101000110100000391
198	111101001111010011110100111101000000010000000000306
198	111101000000010000000000306
198	111100011111000111110001111100010000000100000000306
198	111100010000000165
198	111100010000000100000000306
198	111100001111000011110000111100000001000000000000306
198	111100000001000000000000306
198	111000010100000065
198	111000010000010065
198	111000010000000165
198	101100000001000065
198	101100000000010065
198	101100000000000165
198	10100000010000006
198	10100000000000016
198	01011010580
198	001001000100000065
198	001001000001000065
198	0000000100000000642
198	00000000111000011110000165
197	11111111111111111111111100100100391
197	00000010224
197	0000000100000001338
196	1111000111110001381
196	1111000011110000381
196	111100001001000011111111001101000011010000110000391
191	000000000111000065
190	00000000571
186	11100011000110106
186	011111100011111065
186	0111000000111110299
186	00111110602
186	000110101110001165
186	000100000000000000111110299
186	0000000000000000000000000000000000111110299
183	110100000000000000000000299
183	0000000000000000000000000000000010111010299
181	0101000001000000299
173	101111101111111100000000299
170	111110101111111100000000299
169	000100000000001000000000299
168	1111111100000000338
167	000000000000000000000000326
165	1111000100000000338
165	11010000000000000000000065
165	00000001474
162	0001000000010000000000000000000074
161	101110111111111100000000299
159	0000000011010000000000000000000065
158	01110000299
158	00000100474
157	000000000000000000000001474
156	11100111299
156	1110011111100111612
156	1011101119
156	1011101100000000266
156	10110110299
156	1011011010110110612
156	10110011299
156	1011001110110011612
156	10100010526
156	10100010474
156	10100001526
156	10100001474
156	01000000474
156	00111111580
156	00100111299
156	0010011100100111612
156	0001000000010000359
156	0000000011100111602
156	0000000010110110602
156	0000000010110011602
156	0000000000111111266
156	0000000000100111602
156	000000000000000000000100474
156	000000000000000000000010474
155	0011000000100000299
153	0000000000000000639
150	10111110000000006
150	0111000000000000299
150	00110100526
150	00110100474
150	000000001011111065
150	0000000000010000642
149	000000000000000000010000474
148	111111101111111100000000299
147	111111110011101065
147	1111111100111010602
147	1111111100111010299
147	1111111100111010266
147	111111110000000000111010299
147	10110010000110106
147	00111010474
147	00111010359
147	001110101111111165
147	001110100011101065
147	000110101011001065
147	0000000000111010578
147	0000000000111010526
147	0000000000111010299
146	1111101000000000266
146	00001000474
146	0000000011111111000000000000000065
145	1111101019
145	001100000010000065
145	000000000000000010000000474
144	11110011299
144	1111001111110011612
144	11110010299
144	1111001011110010612
144	11101011299
144	1110101111101011612
144	11100000526
144	11100000474
144	10101000526
144	10101000474
144	10100110299
144	1010011010100110612
144	01111110580
144	01100110299
144	0110011001100110612
144	00110110299
144	0011011000110110612
144	00101110299
144	0010111000101110612
144	00011010101000006
144	0000000011110011602
144	0000000011110010602
144	0000000011101011602
144	0000000010100110602
144	00000000101000006
144	0000000001111110266
144	0000000001100110602
144	0000000000110110602
144	0000000000101110602
144	000000000000000001000000474
144	000000000000000000100000474
144	000000000000000000001000474
144	0000000000000000000000000000000000000000326
143	0001000000000000555
142	000000000001000000000000266
141	0000010000000100338
140	109
139	001001000010000065
139	0010010000100000299
139	000000000000000068
138	1101000011010000642
137	11010000359
137	11010000224
137	001000000010000065
137	00000000110100006
135	00000000642
134	10000001299
134	01110110453
134	0111011001110110612
133	11111001299
130	01000000580
129	11111101299
129	00000000000000000000000000000000109
128	11111111000000000000000065
126	000000000001000000000000327
123	00010010359
122	1011101000000100359
122	1011101000000001359
122	0001001000010010642
122	0000000010111010000000000000010065
122	0000000010111010000000000000000165
121	00000010602
120	000000001111000165
117	11111111000001106
117	11100111000000006
117	10110110000000006
117	10110011000000006
117	00111011580
117	0011101100111011612
117	00100111000000006
117	000001101111111165
117	000000001110011165
117	0000000010111011602
117	000000001011011065
117	000000001011001165
117	0000000000111111602
117	0000000000111011266
117	000000000010011165
115	1101000111010001612
114	111111111011111065
114	1111111110111110602
114	1111111110111110299
114	1111111110111110266
114	111111110000000010111110299
114	111111101011111065
114	1111000100000001338
114	10111110602
114	10111110474
114	10111110359
114	101111101111111165
114	10100100299
114	101001000000000000000000299
114	0111000010111110299
114	00100110000110106
114	00011010101001006
114	000110100010011065
114	000100000000000010111110299
114	0000000010111110578
114	0000000010111110526
114	00000000101001006
112	01110010299
112	000000100000001065
111	0001001000000010299
110	0001001000000000299
109	111110010000000000000000299
109	111100016
108	1111111100010000338
108	11110011000000006
108	11110010000000006
108	11101011000000006
108	1101000000000000299
108	10100110000000006
108	01111010580
108	0111101001111010612
108	01100110000000006
108	00110110000000006
108	00101110000000006
108	00011010101100006
108	0000000011111010602
108	000000001111001165
108	000000001111001065
108	000000001110101165
108	000000001010011065
108	0000000001111110602
108	0000000001111010266
108	000000000110011065
108	000000000011011065
108	000000000010111065
108	00000000000000001000000010111010266
107	00000010612
106	1111111101000000338
106	111111010000000000000000299
105	000100000000000100000000299
105	00000000000000000000000000000000474
104	1111000101000000338
104	110000010000000000000000299
104	000000000000000000000000642
103	0111011001110110532
103	0000000011110001299
102	000000001111000065
101	11110000299
101	0001001019
101	000100100001001000000000299
101	000000000001001000010010612
101	0000000000000000555
101	000000000000000000010010299
100	1111111100010000602
100	1110010111100101612
100	000100100000001065
100	00000010359
99	1111111101000000602
99	1111111100000001602
99	111101010000010065
99	111101006
99	11110100578
99	11110100571
99	11110100338
99	11110100299
99	1111010011110100532
99	1111010011110100111101001111010000000100307
99	111101000000010065
99	111101000000010000000000307
99	11110001578
99	11110001571
99	11110001338
99	1111000111110001111100011111000100000001307
99	111100010100000065
99	111100010000000100000000307
99	111100006
99	11110000578
99	11110000571
99	11110000338
99	1111000011110000532
99	1111000011110000111100001111000000010000307
99	111100000001000065
99	111100000001000000000000307
99	1110000111100101602
99	1110000101000000602
99	1110000100000100602
99	1110000100000001602
99	11010000001100001101000000010000326
99	11010000001100001101000000000100326
99	11010000001100001101000000000001326
99	10110100612
99	101101000000010000000000299
99	1011010000000000642
99	10110001612
99	101100010000000100000000299
99	1011000100000000642
99	10110000612
99	1011000010110100602
99	1011000010110001602
99	1011000010110000602
99	1011000000010000602
99	101100000001000000000000299
99	1011000000000100602
99	1011000000000001602
99	1011000000000000642
99	10100000000100006
99	10100000000001006
99	1001000000110000100100000001000000010000327
99	1001000000110000100100000000010000000100327
99	1001000000110000100100000000000100000001327
99	011100000000000000000010299
99	011001000100000065
99	001101000001000065
99	00110000000100006
99	00110000000001006
99	00110000000000016
99	0010010001100100602
99	0010010001000000602
99	00100100010000006
99	0010010000110100602
99	0010010000010000602
99	00100100000100006
99	0010010000000100602
99	00100100000001006
99	00011011580
99	00011010580
99	00011010338
99	0001000010110000639
99	0001000000010000000100006
99	000100000000000000000010299
99	0000010010110000639
99	00000100000000000000000065
99	000000100111001065
99	000000100000001000000000338
99	0000001000000000359
99	0000000110110000639
99	00000001000000000000000065
99	0000000011111111111111111111111110100000391
99	0000000011111111110100011101000110100000391
99	000000001111010065
99	0000000011110100299
99	0000000011110000299
99	00000000111001011110000165
99	000000001101000011010000110100001101000000110000391
99	00000000101101001011000065
99	00000000101100011011000065
99	00000000101100001011000065
99	00000000011001000010010065
99	00000000001101000010010065
99	00000000001001000010010065
99	0000000000100000526
99	0000000000010000526
99	0000000000000010578
99	0000000000000010000000000000000065
98	111101001001000011111111001101000011010000110000391
98	11110001306
98	1111000111110001111100011111000100000001301
98	11110000306
98	1111000011110000111100001111000000010000301
98	0001001000000010602
98	0001001000000010266
98	000000100001001000000000299
98	0000000100000001000000016
98	00000000111111111111111100100100391
97	1111100165
97	011111101111111100000000299
96	1111110165
95	0000000000010000474
94	00000000001100006
93	0111011000000010580
89	011100000000000000000000299
88	1111000100000000299
87	1111110111111101612
87	1111100111111001612
82	000100000000010000000000299
80	11111111001001001111111165
80	1001000110010001612
80	000000101111111165
79	0001000000000000333
78	111111111011101165
78	1111111110111011602
78	1111111110111011299
78	1111111110111011266
78	11111111000000116
78	11111111000000106
78	111111110000000010111011299
78	111110111011101165
78	10111011602
78	10111011474
78	10111011359
78	101110111111111165
78	10111011000000006
78	10100010299
78	101000100000000000000000299
78	10100001299
78	101000010000000000000000299
78	0111000010111011299
78	0011111119
78	00111111000000006
78	0011111100000000266
78	0011101119
78	0011101100000000266
78	00110010526
78	00110010474
78	00110001526
78	00110001474
78	00100110526
78	00100110474
78	00100101526
78	00100101474
78	00011010101000106
78	00011010101000016
78	000100000000000010111011299
78	00000100101000006
78	000000111111111165
78	00000010101000006
78	00000001101000006
78	000000001011101165
78	0000000010111011578
78	0000000010111011526
78	00000000101000106
78	00000000101000016
78	000000000011111165
78	00000000000000000000010010111110266
78	00000000000000000000010000111110266
78	00000000000000000000001010111010266
78	00000000000000000000000110111011266
77	111110101111111165
76	0001000100010001612
75	0111111019
75	00110100299
75	00011010001101006
75	00011010001001006
75	0000000000000000000000000000000010111110299
74	111111116
74	111111111111101065
74	0011111001000000359
74	0000000000111110000000000100000065
73	1111111111111010299
73	111111110000000011111010299
73	1011101001000000359
73	0111101019
73	0000000011111010578
73	0000000010111010000000000100000065
72	1111111111111010602
72	1111111111111010266
72	11111111100000106
72	11111111010000106
72	11111111001000106
72	11111111000100106
72	11111111000010106
72	11111010602
72	11111010474
72	11111010359
72	111110101111101065
72	11111010000000006
72	11100000299
72	111000000000000000000000299
72	10101000299
72	101010000000000000000000299
72	100000101111111165
72	10000000101000006
72	01111110000000006
72	0111111000000000266
72	0111101000000000266
72	01110000526
72	01110000474
72	0111000011111010299
72	01100100526
72	01100100474
72	010000101111111165
72	01000000101000006
72	00111000526
72	00111000474
72	00101100526
72	00101100474
72	001000101111111165
72	00100000101000006
72	00011010111000006
72	00011010101010006
72	00011010001100006
72	000100101111111165
72	00010000101000006
72	000100000000000011111010299
72	000010101111111165
72	00001000101000006
72	000000001111101065
72	0000000011111010526
72	0000000011110001000000000000000065
72	00000000111000006
72	00000000101010006
72	000000000111111065
72	00000000000000000100000011111010266
72	00000000000000000010000010111010266
72	00000000000000000001000010111010266
72	00000000000000000000100010111010266
71	100000010000000000000000299
69	000100000010000000000000299
67	1101000165
67	01010000299
66	1101000100000000338
66	10000000224
65	00000000100000006
65	0000000000000000326
64	010100000000000000000000299
64	00000000011100006
64	000000000000000000000000222
63	1111110100000000338
63	1111100100000000338
63	1001000100000000338
63	001111101111111100000000299
62	0011111011110001359
62	0011111000010000359
62	0000000000111110000000001111000165
62	0000000000111110000000000001000065
61	110100000001000000000000299
61	101110101111111100000000299
61	1011101000010000359
61	011110101111111100000000299
61	01010000000000000000000065
61	0000000010111010000000000001000065
60	111111111111111165
60	111100011110000100000000338
60	1001000165
60	00000000000000000000000000000000326
59	0001000100000000338
59	0000000011111111612
57	0110010001000000338
57	0010010000000100338
56	11111111602
56	11111111575
56	11110001000000000000000065
56	110100011100000100000000338
56	110000016
56	001001001111000165
56	000100010000000000000000299
55	110100010000000000000000299
55	11010000100000000000000065
55	000100001000000000000000299
55	0001000000000000326
54	00000000000000005
54	000000000000000000000000581
53	0101001001010010612
53	0011010000010000338
53	0000000011010000100000000000000065
52	101111111111111100000000299
50	111110111111111100000000299
50	100000006
50	0001000165
49	0011101011110100359
49	0011101011110000359
49	0011101001000000359
49	000100000000000000010000326
49	0000000000111010000000001111010065
49	0000000000111010000000001111000065
49	0000000000111010000000000100000065
49	00000000000100106
49	0000000000000000333
48	1111100111111001338
48	11010001101000001111000165
48	01010000612
48	0000000000010000266
47	1111110111111101338
45	111111011111110100000000338
45	111110011111100100000000338
45	111100011111000100000000338
45	0000000000010000612
43	111111111111111119
43	1111110100000000299
43	1111100100000000299
43	010100106
43	000100000001000000010000602
42	11111111101000001111000165
42	100100011000000100000000338
42	100100010000000000000000299
42	0001000000010000000000000001000074
42	000000000101001065
42	00000000000100016
40	1101000100000000299
40	00110000000000000000000065
40	00010010000000000000000065
40	00010001359
40	00010001224
40	0001000100010001642
40	00010001000000000000000065
40	000000000001000000010000299
39	526
39	111111110011111165
39	1111111100111111602
39	1111111100111111299
39	1111111100111111266
39	111111110011101165
39	1111111100111011602
39	1111111100111011299
39	1111111100111011266
39	111111110000000000111111299
39	111111110000000000111011299
39	11111011000000116
39	11111011000000106
39	1111000111110001338
39	11100111000110106
39	11100001000001106
39	11100001000000116
39	11100001000000106
39	10111110000001106
39	10111011000000116
39	10111010000000106
39	10110110000110106
39	10110011000110106
39	10110000000001106
39	10110000000000116
39	10110000000000106
39	1001000100000000299
39	011111110011111165
39	0111000000111111299
39	00111111602
39	00111111474
39	00111111359
39	001111111111111165
39	00111111000000116
39	001111100011111065
39	00111110000001106
39	00111110000000106
39	00111011474
39	00111011359
39	001110111111111165
39	001110110011101165
39	00110010299
39	001100100000000000000000299
39	00110001299
39	001100010000000000000000299
39	00100111000110106
39	001001100000000000000000299
39	00100101299
39	001001010000000000000000299
39	00100100000001106
39	00100100000000116
39	00100100000000106
39	000110101110011165
39	000110101011011065
39	000110101011001165
39	00011010001100106
39	00011010001100016
39	000110100010011165
39	00011010001001106
39	00011010001001016
39	000100000000000000111111299
39	000001101110000165
39	000001101011111065
39	000001101011000065
39	000001100011111065
39	000001100010010065
39	00000100001100006
39	00000100001001006
39	000000111111101165
39	000000111110000165
39	000000111011101165
39	000000111011000065
39	000000110011111165
39	000000110010010065
39	000000101111101165
39	000000101110000165
39	000000101011101065
39	000000101011000065
39	000000100011111065
39	00000010001100006
39	000000100010010065
39	00000010001001006
39	00000001001100006
39	00000001001001006
39	0000000000111111578
39	0000000000111111526
39	0000000000111110299
39	0000000000111011578
39	0000000000111011526
39	0000000000111011299
39	00000000001100106
39	00000000001100016
39	00000000001001106
39	00000000001001016
39	00000000000000000000001000111110266
39	00000000000000000000001000111010266
39	00000000000000000000000100111111266
39	00000000000000000000000100111011266
39	0000000000000000000000000000000010111011299
39	0000000000000000000000000000000000111111299
38	01111110359
38	000000000000100000000000299
37	0001001000000000642
37	0001000100000000299
37	000000000001000000010000642
36	111111110111111065
36	1111111101111110602
36	1111111101111110299
36	1111111101111110266
36	111111110111101065
36	1111111101111010602
36	1111111101111010299
36	1111111101111010266
36	111111110000000001111110299
36	111111110000000001111010299
36	11111011100000106
36	11111011010000106
36	11111011001000106
36	11111011000100106
36	11111011000010106
36	11111010010000106
36	11110011000110106
36	11110010000110106
36	11101011000110106
36	11100001100000106
36	11100001010000106
36	11100001001000106
36	11100001000100106
36	11100001000010106
36	10111110100000106
36	101110101011101065
36	10111010100000106
36	10111010001000106
36	10111010000110106
36	10111010000100106
36	10111010000010106
36	10110000100000106
36	10110000010000106
36	10110000001000106
36	10110000000100106
36	10110000000010106
36	10100110000110106
36	100000101111101165
36	100000101110000165
36	100000101011111065
36	100000101011101065
36	100000101011000065
36	100000100010010065
36	10000000001100006
36	10000000001001006
36	01111110602
36	01111110474
36	011111101111111165
36	011111100111111065
36	01111110010000106
36	01111010474
36	01111010359
36	011110101111111165
36	011110100111101065
36	0111000001111110299
36	01100110000110106
36	01100100299
36	010000101111101165
36	010000101111101065
36	010000101110000165
36	010000101011000065
36	010000100111111065
36	010000100010010065
36	01000000001100006
36	01000000001001006
36	00111110001000106
36	00111110000100106
36	00111110000010106
36	00111000299
36	001110000000000000000000299
36	00110110000110106
36	00101110000110106
36	00101100299
36	001011000000000000000000299
36	00100100100000106
36	00100100010000106
36	00100100001000106
36	00100100000100106
36	00100100000010106
36	001000101111101165
36	001000101110000165
36	001000101011101065
36	001000101011000065
36	001000100011111065
36	001000100010010065
36	00100000001100006
36	00100000001001006
36	000110101111001165
36	000110101111001065
36	000110101110101165
36	000110101011101065
36	000110101010011065
36	00011010011100006
36	000110100110011065
36	00011010011001006
36	00011010001110006
36	000110100011011065
36	000110100010111065
36	00011010001011006
36	000100101111101165
36	000100101110000165
36	000100101011101065
36	000100101011000065
36	000100100011111065
36	000100100010010065
36	000100000111000065
36	00010000001100006
36	00010000001001006
36	000100000001000000000000327
36	000100000000000001111110299
36	000010101111101165
36	000010101110000165
36	000010101011101065
36	000010101011000065
36	000010100011111065
36	000010100010010065
36	00001000001100006
36	00001000001001006
36	0000000010111010299
36	0000000001111110578
36	0000000001111110526
36	0000000001111010578
36	0000000001111010526
36	0000000001111010299
36	00000000001110006
36	00000000001011006
36	00000000000000001000000010111110266
36	00000000000000000100000001111110266
36	00000000000000000100000001111010266
36	00000000000000000010000000111110266
36	00000000000000000010000000111010266
36	00000000000000000001000000111110266
36	00000000000000000001000000111010266
36	00000000000000000000100000111110266
36	00000000000000000000100000111010266
36	0000000000000000000000000000000011111010299
36	0000000000000000000000000000000001111110299
35	0111000001110000642
35	000100000001000019
34	1101000111010001642
33	100000000000000065
33	0111000000010000299
33	0101000000010000391
33	0001000100000001338
33	000000000001000000000000602
32	11111111101000001111111165
32	11111111101000001111110165
32	11111111101000001111100165
32	11111111101000001001000165
32	11010000001100001111111165
32	001001001101000165
32	00010001299
31	00000000312
31	00000000309
31	00000000110100016
31	000000000000000000000000556
30	01110000359
30	0101100001011000642
30	0101001001010010642
30	0101000101010001642
30	01010000602
30	01010000010000001111100165
30	000100000001000000000000309
30	000100000000100000000000299
30	000000001111111100000000299
30	00000000111111016
30	00000000111110016
30	0000000001010000000000000000000065
30	000000000001000019
29	111100010000000065
29	1100000165
29	0111011000010000391
29	01010010359
29	01010000010000001111110165
29	0000000000010001000000000000000065
29	0000000000010000338
28	1111111111111111508
28	1111110111111101642
28	1111100111111001642
28	11110001575
28	11010001359
28	11010001224
28	1000000100000001299
28	01110000224
28	0001000000000000556
28	00000000100100016
28	00000000010110006
28	0000000000010000000000000000000065
27	11111111580
27	11111101359
27	11111101224
27	11111001359
27	11111001224
27	1100000110000001299
27	11000001000000006
27	011100000111000000000000299
27	01011000359
27	01011000224
27	01010010224
27	0101000001000000338
27	0001000001010000508
27	0001000000000000391
27	00010000000000000001000065
27	000000100000000065
27	0000000011111101000000000000000065
27	0000000011111001000000000000000065
27	0000000011010001000000000000000065
27	0000000010010001000000000000000065
27	00000000010100106
27	000000000101000065
26	11110001000000006
26	1110000111000001299
26	1011111000000100359
26	1011111000000001359
26	1011101100000100359
26	1011101100000001359
26	011100000001000000000000299
26	01010010299
26	01010001359
26	01010001224
26	010100000000000000010000000100000001000000000000391
26	000100000001000000000000312
26	0000000010111110000000000000010065
26	0000000010111110000000000000000165
26	0000000010111011000000000000010065
26	0000000010111011000000000000000165
26	00000000010100016
26	00000000000000000000000000000000333
25	1111000111100001299
25	1011111001000000359
25	1011111000010000359
25	10010001359
25	10010001224
25	1001000110010001642
25	001000000000000065
25	0000000010111110000000000100000065
25	0000000010111110000000000001000065
24	11111111101000001101000165
24	11111111101000000001000165
24	11111111001001001111110165
24	11111111001001001111100165
24	1111101000000100359
24	1111101000000001359
24	1111100111110001299
24	011101100000001000010010000100100001001000000010391
24	011101100000001000000010000100100001001000000010391
24	01110000612
24	0101000001010000359
24	010100000001000000010000000100000001000000000000391
24	010100000000000065
24	001001001001000165
24	001001000001000165
24	000100010000000100000000338
24	000010000000000065
24	0000000011111010000000000000010065
24	0000000011111010000000000000000165
24	0000000001110000612
23	11111111348
23	11110001526
23	11010001299
23	011101100000001000000010000000100001001000000010391
23	0001000001010010299
23	000000100000001000000000299
23	00000000000000100000000000000000299
22	111111110000010000000000299
22	1111110111111001299
22	1101000111000001338
22	110100000000000065
22	00010010224
22	00001000602
22	00000000000100000001000065
21	11110001474
21	111100011111000119
21	11010001000000000000000065
21	1101000010000000299
21	1101000000000000338
21	00100000602
21	000100001110000100000000299
21	00000000100000000000000000000000299
21	000000000010000000000000299
21	00000000001000000000000000000000299
21	0000000000010000333
21	0000000000010000326
21	00000000000010000000000000000000299
21	000000000000001000000000299
20	11111111111111110000000065
20	1111111111111101299
20	11010001612
20	1101000000000000642
20	10000000602
20	100000001000000000000000338
20	011101100000001000000010000000100000001000000010391
20	0111000001110000299
20	00110000359
20	00110000224
20	00011000000000000000000065
20	00010100000000000000000065
20	000100010000000065
20	0001000100000000642
20	0000000011111111111111110000000065
20	000000001101000065
20	000000000100100000000000299
20	0000000001000000266
20	0000000000110000000000000000000065
20	0000000000010010000000000000000065
19	1111111110100000309
19	1110000165
19	1010000065
19	01100000299
19	0101010001010100642
19	010100000101000001010000010100000101000001000000391
19	0100000001010000612
19	000100001111110100000000299
19	000010006
19	00000000010101006
18	11111101000000000000000065
18	11111001000000000000000065
18	10010010299
18	10010001000000000000000065
18	1000000165
18	01010010612
18	010100000100000065
18	0101000000000000299
18	000100010001000119
18	000100001111100100000000299
18	000100000000000000000000556
18	000000000001000000000000338
17	11111001000000006
17	10000001000000006
17	01010100359
17	01010100224
17	0101000000000000266
17	010000000000010000000000299
17	0100000000000000338
17	0001000100000001299
17	0000000060
16	1111111111111111334
16	1111111111111111266
16	111111111111111110100000312
16	1111111110100000338
16	111111111000000000000000299
16	11111101000000006
16	11010001575
16	110100010000000065
16	11010000575
16	11010000001100001111000165
16	11000001526
16	1001000110000001338
16	0111000065
16	010100000100000001000000299
16	010100000000100000000000299
16	0011000000110000359
16	000110000000000000000000299
16	000101000000000000000000299
16	0001001000010010359
16	00010001575
16	0001000100010001359
15	1111111111111111391
15	1111111100010000391
15	1110000111100001338
15	11000001474
15	1000000110000001338
15	0101100000001000299
15	0101000000010000299
14	1111111111111111580
14	1111111100010000111111111111111111111111391
14	110100011000000000000000299
14	1100000111000001338
14	0111000019
14	0111000000100000299
14	0111000000000000642
14	011000000000000000000000299
14	0101001000000010299
14	01010001612
14	01010000010000001111000165
14	01010000010000001110000165
14	01010000010000001100000165
14	01010000010000001000000165
14	01010000010000000000000165
14	0011000000100000338
14	00011000299
14	00010100299
14	0001001000000010338
14	000100001111000100000000299
14	000100001100000100000000299
14	000100001000000100000000299
14	0001000000000000612
14	0001000000000000000000000000000074
14	000000001111111119
14	000000000001000165
13	111111111111111111111111299
13	1100000100000000266
13	1011101101000000359
13	1011101100010000359
13	011111111111111100000000299
13	011110111111111100000000299
13	0111001019
13	0111000000000000266
13	0101100001011000612
13	0101100000000000642
13	0101001000000000642
13	0101000100000001299
13	001111111111111100000000299
13	0011111111110001359
13	0011111101000000359
13	0011111100010000359
13	0011111011110100359
13	0011111011110000359
13	0011101111110100359
13	0011101111110000359
13	0011101101000000359
13	00000110000001000001101065
13	00000011000000010001101065
13	000000100001000000000000299
13	000000100000010000000000299
13	00000010000000100001101065
13	000000100000000100000000299
13	0000000010111011000000000100000065
13	0000000010111011000000000001000065
13	0000000010000000000000000000000065
13	0000000000111111000000001111000165
13	0000000000111111000000000100000065
13	0000000000111111000000000001000065
13	0000000000111110000000001111010065
13	0000000000111110000000001111000065
13	0000000000111011000000001111010065
13	0000000000111011000000001111000065
13	0000000000111011000000000100000065
13	00000000000110006
13	00000000000101006
13	00000000000000000001000000010000612
12	11111101575
12	11111101526
12	111111010000000065
12	1111101001000000359
12	1111101000010000359
12	11111001575
12	11111001526
12	111110010000000065
12	110100011101000119
12	11010000299
12	110100001101000019
12	1100000119
12	1011111011110001359
12	1011101011110100359
12	1011101011110000359
12	10010001575
12	100100010000000065
12	10000010100000000001101065
12	100000010000000165
12	10000000000000000000000065
12	0111111011110001359
12	0111111001000000359
12	0111111000010000359
12	0111101011110100359
12	0111101011110000359
12	0111101001000000359
12	0111000001110000612
12	0101000100000000642
12	010100000101000000000000299
12	01000010010000000001101065
12	0011000000000000642
12	00100010001000000001101065
12	00011000359
12	00011000224
12	0001100000011000642
12	00010100359
12	00010100224
12	0001010000010100642
12	00010010000100000001101065
12	000100000001000000010000327
12	00001010000010000001101065
12	000000101000000000000000299
12	000000100100000000000000299
12	000000100010000000000000299
12	000000100000100000000000299
12	0000000011111010000000000100000065
12	0000000011111010000000000001000065
12	000000001101000165
12	0000000010111110000000001111000165
12	0000000010111010000000001111010065
12	0000000010111010000000001111000065
12	0000000001111110000000001111000165
12	0000000001111110000000000100000065
12	0000000001111110000000000001000065
12	0000000001111010000000001111010065
12	0000000001111010000000001111000065
12	0000000001111010000000000100000065
12	0000000000010000000000000000000074
11	11000001224
11	1100000111000001612
11	110000011000000165
11	01010001299
11	0101000101010001612
11	01010000580
11	010100000100010000000000299
11	0000000001010000299
11	000000000000000000000000359
10	11111111111111116
10	11111101474
10	11111001474
10	1111000119
10	1111000111100001338
10	111000011100000165
10	10010000299
10	011100000000000065
10	0110000065
10	0110000001100000642
10	0101010000000100299
10	001100000010000000100000299
10	0001100000011000612
10	0001010000010100612
10	000100100000001000000010299
10	000100010000000100000001299
10	000100001111111165
10	0001000001110000299
10	0000100000000000639
10	0000000011111111474
10	000000001100000000000000299
10	000000001000000000000000299
10	0000000001110000299
10	000000000110000000000000299
10	000000000101000000000000299
10	000000000100010000000000299
10	000000000100001000000000299
10	000000000100000100000000299
10	0000000001000000526
10	0000000000011000000000000000000065
10	0000000000010100000000000000000065
10	0000000000001000639
10	0000000000000000000000000000000000000000474
9	111111111101000011010000110100001101000010000000391
9	111111011111110119
9	111110011111100119
9	111100011110000165
9	111000016
9	11010000612
9	1100000111110001612
9	1100000111000001642
9	11000001110000016
9	100100011001000119
9	10000001526
9	10000000612
9	01111111299
9	0111111119
9	01011000612
9	0101010000000000642
9	010100010000000000000000299
9	0101000001010000299
9	010100000101000019
9	0000000011111111266
9	000000001111110165
9	000000001111100165
9	00000000110000016
9	000000001001000165
9	0000000001000000000000000000000065
9	0000000000010000639
8	79
8	1111111101010000391
8	1111110100000000266
8	111110011111000165
8	1111100100000000266
8	1101000100000000642
8	1101000100000000266
8	11010000001100001111110165
8	11010000001100001111100165
8	11010000001100001101000165
8	11010000001100001001000165
8	11010000001100000001000165
8	11000001612
8	1000000100000000266
8	011100100000000000000000299
8	011100000111000065
8	0110000001100000612
8	01010100612
8	0101010001010100612
8	00100100338
8	00100100312
8	00100100309
8	00100000612
8	0010000000100000602
8	0001100000011000359
8	0001010000010100359
8	00010001526
8	0001000000000000639
8	0000001000000010602
8	0000000001000000578
7	111111111111111111111111111111111111111111111111391
7	1111111111110001391
7	111111100000000000000000299
7	1111110119
7	111111011111100165
7	1111100119
7	1111000111110001602
7	11110001111100010000000065
7	1110000119
7	1110000100000000299
7	1101000119
7	110100001100000000000000299
7	1101000010000000338
7	10010010526
7	10000001474
7	1000000119
7	1000000010000000602
7	0111001065
7	01110010612
7	01110010359
7	011100000110000000000000299
7	010110000000000065
7	0101000100000000266
7	0101000065
7	010100006
7	01010000526
7	0100000100000000266
7	010000000111000065
7	010000000101000065
7	0001100000001000338
7	0001010000000100338
7	0001000000010000333
7	0001000000010000326
7	00001000612
7	000000001111000119
7	0000000011110001111100010000000065
7	0000000011010001110000010000000065
7	00000000011000006
7	0000000001100000299
7	0000000000010000578
7	0000000000010000000000000001000074
7	0000000000000000000000100000000000000000299
6	111111111111111100000000312
6	111111111111110165
6	111111110101000001010001001100000010010001000000391
6	111111110011000001010001001100000010010000100000391
6	111111110001001001010001001100000010010000000010391
6	111111110001000101010001001100000010010000000001391
6	11111101612
6	1111110100000000642
6	11111001612
6	1111100100000000642
6	111100011111000100000000312
6	111100010000000000000000309
6	11010010299
6	11010001602
6	11010001580
6	11010001453
6	11010001110000010000000065
6	1001000100000000642
6	1001000010000000299
6	100100000000000000000000299
6	011100000000000001000000299
6	011000006
6	01100000338
6	0110000000000000266
6	01011010299
6	0101000011000000299
6	0101000001100000299
6	0101000000000000612
6	0100000000000000359
6	001100000011000019
6	0001100000001000299
6	0001100000000000642
6	0001010000000100299
6	0001010000000000642
6	000100100001001019
6	00010001474
6	0001000100000001334
6	0001000001000000266
6	0001000000000000359
6	00001000000010006
6	0000001000000010299
6	0000000100000000639
6	000000000111000001110000612
6	000000000001000000000000109
6	00000000000100000000000000000000266
6	0000000000000001639
6	000000000000000001110000299
6	0000000000000000001000000000000000000000299
5	11111111111111111111111165
5	111111111111111111111111312
5	1111111111010001299
5	111111110000000000010000299
5	11111110299
5	111111016
5	111110016
5	1111000111110001299
5	11011001299
5	11010011612
5	11010011299
5	1101000111000001299
5	11000001348
5	1100000111000001602
5	10010010474
5	1001001010010000299
5	100100001000000065
5	100000016
5	10000000100000000000000065
5	100000000001000000000000299
5	1000000000000000642
5	011111110000000000000000299
5	01100000359
5	01100000224
5	0101000001010000010100000101000001000000307
5	010100000101000001000000309
5	0101000001000000580
5	010000010000000000000000299
5	010000000101000000000000299
5	0010000000000000639
5	000110000000100000001000299
5	0001100000000000299
5	000101000000010000000100299
5	0001010000000000299
5	000100100000000065
5	0000100000001000602
5	0000010000000000639
5	0000001000000000639
5	0000000011111111578
5	0000000011000001299
5	0000000011000001266
5	000000000111000000000000299
5	0000000001000000474
5	0000000000100000639
5	0000000000010000000100006
5	0000000000000100639
5	0000000000000010639
5	000000000000000000000000575
5	000000000000000000000000109
5	0000000000000000000000000000000000010000299
4	11111111554
4	111111111111111111111111111111110000000111111111391
4	111111111111111101000000010000000100000011111111391
4	111111111111111100100100312
4	111111111111111100100100309
4	111111111111111100000000000000000000000000000000391
4	111111111101000111010001110100010100000011000001391
4	1111111111000001580
4	11111111001111106
4	1111111100100100338
4	1111111100010000111000011101000111000001391
4	111111110000000019
4	1111110111111101334
4	1111100111111001334
4	1111010111111111508
4	11110001348
4	1111000111111111299
4	1111000111110001334
4	1111000111100001334
4	1111000100100100391
4	11011010299
4	11011001612
4	1101001010010010299
4	110100100000000000000000299
4	11010001526
4	11010001474
4	1101000111010001299
4	1101000111000001334
4	1101000065
4	11010000526
4	11010000474
4	1101000010000000334
4	11000001580
4	110000011111111165
4	110000011100000165
4	1100000111000001266
4	110000011100000100000000338
4	1100000100000000299
4	1100000000000000266
4	1001001110010011612
4	10010010612
4	100100101001000065
4	1001001000000000266
4	10010001612
4	1001000110000001334
4	1000000100000000299
4	10000000580
4	10000000359
4	100000001000000065
4	100000001000000000000000299
4	1000000000000000639
4	01111111359
4	011101100100010001110000000000100000001000000010391
4	011100100100000065
4	0111001001000000602
4	01110000580
4	01110000554
4	01110000453
4	01110000011100000111000065
4	011100000000000019
4	011000000110000065
4	011000000000000065
4	01011011612
4	010110100000000000000000299
4	010101000000000065
4	0101001065
4	0101000019
4	010100000101000001000000312
4	0101000001000000334
4	0100100000000000266
4	010010000000000000000000299
4	01000100000001000000000065
4	01000001299
4	010000001111111165
4	0100000011111111602
4	0100000001000000359
4	00110000580
4	001100000000000065
4	0011000000000000612
4	0010010011010001602
4	00010010580
4	0001001000000000612
4	00010001580
4	0001000100000000612
4	0001000100000000266
4	000100001101000165
4	0001000001110000266
4	000100000111000000000000299
4	000100000001000000010000612
4	0001000000010000000100000000000000010000327
4	0001000000000010299
4	00001000010000006
4	000000101000000065
4	0000000011010001299
4	000000001101000119
4	000000001101000111010001612
4	000000001101000019
4	0000000010000000639
4	0000000010000000526
4	0000000010000000474
4	0000000010000000266
4	0000000001110000578
4	0000000001010000474
4	0000000001001000299
4	0000000001000000639
4	000000000010000065
4	000000000001101065
4	000000000001000119
4	0000000000000000597
4	000000000000000011010001299
4	0000000000000000100000000000000000000000299
4	0000000000000000000010000000000000000000299
4	00000000000000000000000074
4	00000000000000000000000000000000642
3	111111111111111111111111111111110000001011111111391
3	111111111111111111111111010100000101000001000000391
3	111111111111111111111111001100000011000000100000391
3	111111111111111111111111000101000001010000000100391
3	111111111111111111111111000100100001001000000010391
3	111111111111111111111111000100010001000100000001391
3	111111111111111111010001010100000101000001000000391
3	111111111111111111010001001100000011000000100000391
3	111111111111111111010001000100100001001000000010391
3	111111111111111111010001000100010001000100000001391
3	111111111111111111010001000100000001000000010000391
3	111111111111111110000000100000001000000011111111391
3	11111111111111100000000065
3	1111111111111101580
3	111111111111110111111101111111010000010011111101391
3	1111111111111001580
3	111111111111100111111001111110010000100011111001391
3	1111111111110001580
3	111111111111000111110001111100011111000111100001391
3	111111111111000111110001111100010001000011110001391
3	1111111111100001580
3	111111111110000100100000001000000010000011100001391
3	111111111101000011010000100000001100000010000000391
3	1111111111000001299
3	111111111100000111010001000110000001100000001000391
3	111111111001000110010001100100011000000010000001391
3	1111111110000001580
3	111111110101000001010000000000000100000000000000391
3	111111110101000001000001110100001101000010000000391
3	111111110100000001010000000000000100000000000000391
3	1111111100110000391
3	111111110001100001010001001100000010000000001000391
3	111111110001010001010001001100000010010000000100391
3	1111111100010010391
3	1111111100010001391
3	111111110001000100000001000000010000000100000001391
3	1111111100010000111111111111110111111101391
3	1111111100010000111111011111100111111001391
3	1111111100010000111110011111000111110001391
3	1111111100010000111100011111000111100001391
3	1111111100010000110000011001000110000001391
3	1111111100010000100000010001000100000001391
3	111111110001000001010001001100000010010000010000391
3	111111110000000011111111299
3	111111110000000000000000309
3	11111101348
3	1111110111111101602
3	1111110111111101266
3	111111011111110100000000312
3	11111001348
3	1111100111111001602
3	1111100111111001266
3	111110011111100100000000312
3	11110001580
3	1111000111111111391
3	111100011111000165
3	1111000111110001266
3	1111000000000000299
3	11100001348
3	1110000111100001266
3	111000011110000100000000338
3	1101101011010010299
3	110110100000000000000000299
3	110110010000000000000000299
3	1101001111010011642
3	1101001111010011612
3	110100110000000000000000299
3	110100101001001065
3	11010001348
3	1101000111010001532
3	110100011101000110100000312
3	110100011101000100000000312
3	110100011101000011010000110100001101000010000000391
3	1101000110100000338
3	1101000101010001299
3	110100010001000000000000299
3	110100010000000000010000299
3	11000001359
3	10010001526
3	10010001474
3	10010001299
3	100100011001000100000000312
3	10000001348
3	1000000110000001612
3	1000000110000001602
3	1000000110000001266
3	100000011000000100000000338
3	10000000578
3	100000000000001065
3	0111111165
3	0111111100000000612
3	011111110000000019
3	011101100101000001010000010100000101000001000000391
3	011101100100010001110000000000100001001000000010391
3	011100100101000000000000299
3	01110010000000000000000065
3	011100000101000001010000010100000101000001000000391
3	01110000000100000111000001110000359
3	0111000000000000602
3	01110000000000000001000065
3	01110000000000000000000065
3	01100000526
3	0110000000010000299
3	0101101000000001299
3	01011000580
3	01010110299
3	0101001000100000299
3	010100100000000065
3	010100010100000100000000299
3	010100010000000065
3	01010000474
3	0101000011111111391
3	010100000101000000000000309
3	0101000001000000612
3	0101000001000000266
3	010100000100000000000000299
3	0101000000000010299
3	0101000000000000338
3	0101000000000000000000000000000074
3	0100000101000001642
3	0011010111111111508
3	0011000011111111391
3	001100000011000000000000309
3	0010010000000000602
3	00100000001000006
3	0001101065
3	000110000001100019
3	000101000001010019
3	0001001011111111391
3	000100100001001000000000309
3	0001001000000010334
3	0001000100100100391
3	000100010001000100000000309
3	0001000011111111391
3	0001000001010000299
3	0001000000000000000100000000000000000000327
3	00000100010000006
3	00000010000000106
3	000000010000000100000000338
3	000000001111110119
3	000000001111100119
3	0000000010010010299
3	000000001001000119
3	0000000001100000642
3	0000000001010001299
3	000000000101000101010001612
3	0000000001010000602
3	000000000101000001010000612
3	0000000001010000000000000000000074
3	00000000010100000000000000000000299
3	0000000001000001299
3	0000000000100000602
3	000000000001000000010000334
3	0000000000001000602
3	0000000000000100474
3	0000000000000001474
3	000000000000000001010001299
3	000000000000000001010000299
3	000000000000000000000000334
2	111111111100000165
2	1111111110010010299
2	1111111101010001010100000101000001000000391
2	11111111010100000111111101000000391
2	111111110011000000110000000000000010000000000000391
2	1111111100100000299
2	111111110010000000110000000000000010000000000000391
2	111111110001001000010010000000000000001000000000391
2	111111110001000100010001000000000000000100000000391
2	111111110001000000010000000000000001000000000000391
2	1111111100001000299
2	1111111100000100299
2	1111111100000010299
2	111111110000001000010010000000000000001000000000391
2	111111110000000100010001000000000000000100000000391
2	1111111100000000639
2	1111111100000000359
2	11111111000000001111111165
2	11111111000000001111111111111111359
2	1111111011111110642
2	111111011111110165
2	111110011111100165
2	1111010011110100381
2	11110001602
2	111100011111000000000000299
2	111100010001000000000000299
2	111100010000000011000001299
2	111100001111000100000000299
2	11110000100100001111111100110000391
2	111000011110000165
2	11011011299
2	1101101111011010299
2	110110110000000000000000299
2	110110101101001065
2	1101100165
2	11011001602
2	11011001580
2	1101100119
2	1101100111011001642
2	1101100100000000266
2	1101001165
2	11010011602
2	11010011580
2	1101001119
2	1101001100000000266
2	1101000111110001299
2	1101000111011001299
2	1101000111010011299
2	1101000101000000299
2	1101000100100000299
2	1101000100010000299
2	1101000100001000299
2	1101000100000010299
2	1101000100000001299
2	1101000011010000532
2	110100001000000000000000306
2	110000011111000165
2	110000011000000000000000299
2	1100000065
2	1100000011000000642
2	110000000000000000000000299
2	10010011612
2	10010011359
2	10010011224
2	1001001110010011642
2	10010010602
2	10010010580
2	1001001000000000299
2	100000011000000165
2	1000000010000000299
2	100000001000000011111111309
2	10000000010000006
2	100000000010000000000000299
2	0111111101010001299
2	011111110101000100000000299
2	011111110001000019
2	0111111100000001299
2	0111111001011011299
2	0111111001011010299
2	011111100101101000000000299
2	0111011019
2	01110010011100106
2	0111001001110000299
2	0111001001010010299
2	0111001001010000299
2	0111001000100000299
2	0111001000010000299
2	01110000011100106
2	0111000001110000532
2	011100000111000001110000299
2	011100000010000000000000306
2	011100000001000065
2	01100000612
2	01100000578
2	01100000474
2	01100000334
2	011000000111000065
2	011000000111000000000000299
2	0110000000100000299
2	0110000000000000299
2	01011011299
2	01011011011111116
2	0101101000000000299
2	0101101000000000266
2	01011000299
2	0101011001010110612
2	01010100580
2	01010100299
2	01010010348
2	0101001019
2	010100101111111165
2	0101001011111111299
2	01010010011100106
2	0101001001110010299
2	0101001001010010381
2	010100100100001000000000299
2	010100100000001000000000306
2	010100100000000000000000299
2	01010001580
2	0101000101010001381
2	0101000101000000299
2	010100010000000100000000306
2	0101000100000000299
2	0101000001110000299
2	010100000101000065
2	0101000001010000381
2	010100000101000001010000010100001100000000000000306
2	010100000101000001010000010100000110000000000000306
2	010100000101000001010000010100000101000000000000306
2	010100000101000001010000010100000100001000000000306
2	010100000101000001010000010100000100000100000000306
2	010100000101000001000000010100000101000001000000391
2	0101000001000001299
2	010100000001000000010000000100000000000000000000391
2	010100000001000000000000306
2	010100000001000000000000000100000001000000000000391
2	0101000000001000299
2	0101000000000100299
2	010100000000000000010000000100000000000000000000391
2	0100010000000000266
2	010001000000000000000000299
2	0100001001000010642
2	01000001612
2	0100000110000000299
2	01000000453
2	010000001101000165
2	010000000101000165
2	0100000001000000532
2	010000000000100065
2	0011000065
2	0011000000100000612
2	0011000000100000334
2	0011000000000000338
2	0011000000000000000000000000000074
2	001000001111111165
2	001000001111000165
2	001000000111001065
2	00100000010000006
2	0001111000000001612
2	0001110000000010612
2	00011000580
2	00011000526
2	000110000000000065
2	0001100000000000612
2	0001100000000000266
2	00010101359
2	00010101224
2	0001010100010101642
2	0001010100010101612
2	00010100580
2	00010100526
2	000101000000000065
2	0001010000000000612
2	0001010000000000266
2	0001001065
2	000100106
2	0001001010010010299
2	0001001010000000299
2	0001001001000000299
2	0001001000010000299
2	0001001000000010612
2	0001001000000000338
2	0001001000000000000000000000000074
2	000100016
2	000100010000000165
2	0001000100000001612
2	0001000100000000000000000000000074
2	000100001111000165
2	000100000111000001110000359
2	000100000111000000000000359
2	00010000010000006
2	0001000001000000299
2	0001000000100000612
2	00010000000100000001000000000000333
2	0001000000010000000000006
2	000100000000000000010000299
2	0001000000000000000100000001000000000000327
2	0001000000000000000100000001000000000000326
2	0001000000000000000100000000000000000000326
2	000010001111111165
2	000010001101100165
2	000010000101100065
2	0000100001000000299
2	000001001111111165
2	000001000101010065
2	000000100101001065
2	00000010010000006
2	000000100000001011111111309
2	000000011111111165
2	000000010101101165
2	00000001010000006
2	0000000011111111639
2	0000000011111110299
2	0000000011111101474
2	0000000011111001474
2	0000000011110001474
2	0000000011100001474
2	0000000011000001526
2	0000000011000001474
2	0000000011000000299
2	00000000100100116
2	000000001001001010010010612
2	0000000010000001474
2	0000000010000000100000000000000065
2	0000000001010010299
2	0000000001010000508
2	0000000001000100299
2	000000000011000065
2	0000000000110000602
2	0000000000110000474
2	0000000000110000000000000000000074
2	00000000001100000000000000000000299
2	00000000000101016
2	0000000000010010474
2	0000000000010010000000000000000074
2	00000000000100100000000000000000299
2	0000000000010001602
2	0000000000010001474
2	0000000000010001299
2	0000000000010001000000000000000074
2	00000000000100010000000000000000299
2	000000000001000000010000602
2	000000000000100065
2	0000000000001000474
2	0000000000000010474
2	00000000000000100000001065
2	0000000000000000554
2	0000000000000000391
2	000000000000000011111011299
2	000000000000000011110001299
2	000000000000000011011011299
2	000000000000000011011010299
2	000000000000000011010010299
2	000000000000000011000001299
2	000000000000000010010010474
2	000000000000000010010010299
2	000000000000000010010000299
2	00000000000000000001000000000000338
2	000000000000000000000000571
2	00000000000000000000000010010010299
2	00000000000000000000000000000000602
1	539
1	474
1	1111111111111111359
1	111111111111111111111111359
1	111111111111111111111111309
1	111111111111111100100100391
1	11111111111111100001000065
1	1111111111111110000001006
1	1111111111111101602
1	1111111111111101391
1	111111111111110100000000000000000000000000000000391
1	1111111111111001602
1	1111111111111001391
1	111111111111100100000000000000000000000000000000391
1	111111111111000165
1	11111111111100011111111165
1	111111111111000100000000000000000000000000000000391
1	111111111111000000000000299
1	111111111110000100000000000000000000000000000000391
1	111111111101000100000000299
1	1111111111000001602
1	1111111111000001391
1	1111111111000001266
1	111111111100000100000000000000000000000000000000391
1	1111111110000001602
1	1111111110000001391
1	111111111000000100000000000000000000000000000000391
1	111111111000000010010010299
1	111111111000000000000000000000000000000000000000391
1	1111111101010010299
1	111111110101001019
1	111111110101001011111111612
1	111111110101000011111111299
1	111111110101000011111111111111111111111101000000391
1	111111110101000001010000010100000101000001000000391
1	1111111101000000266
1	111111110011000011111111299
1	111111110010000000000000299
1	111111110001100000011000000000000000100000000000391
1	111111110001010000010100000000000000010000000000391
1	111111110001001011111111299
1	111111110001000111111111299
1	1111111100010000266
1	111111110001000011111111299
1	1111111100001000266
1	111111110000100011111111299
1	111111110000100000011000000000000000100000000000391
1	111111110000100000000000299
1	1111111100000100612
1	111111110000010000010100000000000000010000000000391
1	1111111100000010266
1	111111110000001011111111312
1	111111110000001000000000299
1	1111111100000001266
1	111111110000000111111111312
1	111111110000000100000000000000000000000000000000391
1	111111110000000010010010299
1	11111111000000000101000065
1	11111111000000000011000065
1	11111111000000000001010065
1	11111111000000000001001065
1	11111111000000000001000165
1	11111111000000000001000065
1	11111111000000000000100065
1	111111110000000000000000571
1	1111111100000000000000000000000074
1	1111111065
1	1111111011111111602
1	11111110111111116
1	1111111011111110612
1	11111110000100006
1	1111111000000100639
1	111111100000010019
1	111111100000010000000000299
1	111111100000000065
1	1111111000000000299
1	11111110000000000000000065
1	1111110111111111391
1	111111011111110111111101312
1	1111110100100000266
1	1111101111011011299
1	1111101100000000299
1	111110110000000000000000299
1	1111101000000100266
1	11111010000000000000010065
1	1111100111111111391
1	111110011111100111111001312
1	1111100100010000266
1	11110100306
1	1111010011110100111101001111010000000100301
1	11110100100100001111111100110000391
1	11110001554
1	111100011111000111100001312
1	111100011110000111100001309
1	111100011100000119
1	1111000100100000266
1	111100010010000000000000299
1	111100010001000011010001299
1	1111000100000000639
1	111100010000000011111111299
1	11110001000000001111111111111111359
1	11110001000000000011000065
1	111100010000000000010000299
1	111100001111111100000000299
1	111100001000000000000000299
1	1110010111111111508
1	11100001359
1	11100001224
1	1110000111100001642
1	1110000101000000266
1	110110111101101165
1	110110111101101065
1	110110110000001000000000299
1	1101101100000000299
1	110110101101101065
1	1101101000000000299
1	11011001348
1	1101100111011001612
1	110110010001001011010011299
1	110110010001000000000000299
1	110110010000100000000000299
1	11011001000000000001100065
1	110110010000000000010000299
1	11011001000000000000000065
1	11010011359
1	11010011348
1	11010011224
1	110100110001000111010001299
1	110100110001000000000000299
1	110100110000000100000000299
1	11010011000000000001001065
1	110100110000000000010000299
1	11010011000000000000000065
1	110100101101001065
1	1101001000000000299
1	11010001111111116
1	1101000111111111299
1	11010001111111110101001065
1	110100011111111101000000359
1	110100011101000111000001312
1	110100011101000011010000100000001100000010000000391
1	1101000110000000580
1	1101000110000000299
1	11010001100000001100000165
1	1101000101010001010100000101000001000000391
1	110100010101000011010001299
1	11010001010100000111111101000000391
1	1101000101000000580
1	110100010100000000000000299
1	1101000100111110266
1	110100010011000011110001299
1	110100010001010011111111299
1	11010001000000001000000065
1	11010001000000000101000065
1	11010001000000000001000165
1	11010001000000000001000065
1	11010000453
1	110100000101000001000001110100001101000010000000391
1	1101000000010000580
1	1101000000010000391
1	11000001602
1	11000001578
1	1100000111111111299
1	110000011111111100000000299
1	1100000111110000299
1	11000001110000010000000065
1	110000011000000011000001299
1	1100000100100100391
1	1100000100000001266
1	110000010000000065
1	1100000100000000639
1	1100000100000000359
1	11000001000000001000000065
1	11000000602
1	11000000299
1	1100000019
1	11000000110000006
1	11000000000000000000000065
1	1001001065
1	10010010348
1	1001001019
1	100100101001001065
1	1001001010010010642
1	10010010000000000000000065
1	100100011001000110000001312
1	100100001001000065
1	1001000000000000299
1	1000001165
1	1000000111111111391
1	1000000100000010266
1	100000001111111165
1	100000001111111100000000299
1	100000001111000065
1	100000001111000000000000299
1	100000001101101100000000299
1	100000001101000165
1	100000001100000165
1	1000000011000001266
1	10000000110000006
1	100000001001001065
1	100000001001001000000000299
1	10000000100000006
1	100000001000000010000001309
1	10000000011100001111000065
1	100000000101000100000000299
1	1000000001000000299
1	1000000001000000266
1	100000000000000100000000299
1	1000000000000000359
1	100000000000000010010010299
1	1000000000000000000000000000000074
1	01111111612
1	0111111111111111612
1	011111111000000065
1	0111111110000000602
1	011111110101000019
1	0111111101000001299
1	011111110100000100000000299
1	011111110100000065
1	0111111101000000602
1	011111110100000001010001299
1	011111110011000019
1	011111110001010019
1	011111110001001019
1	011111110001000119
1	011111110001000065
1	0111111100010000602
1	011111110000100019
1	0111111100000100299
1	011111110000000100000000299
1	011111110000000065
1	0111111100000000602
1	0111111100000000359
1	01111111000000000101000065
1	01111111000000000000000165
1	01111111000000000000000065
1	011111101101000100000000299
1	011111100100000065
1	0111111001000000602
1	01111110000000000000000065
1	01111010000000000000100065
1	0111011065
1	01110110359
1	0111011001011010299
1	011101100101011000000000299
1	0111011001000000580
1	011101100100000001010000010100000101000001000000391
1	0111011000010010010100000101000001000000391
1	0111011000010000580
1	0111011000000000580
1	0111011000000000391
1	01110110000000000000010065
1	011101100000000000000000299
1	01110010474
1	01110010348
1	011100100111001065
1	0111001001110010642
1	011100100110000000000000299
1	0111001001010110299
1	011100100010000000000000299
1	011100100001000000000000299
1	011100100000100001011000299
1	011100100000010001010100299
1	011100100000001000000000299
1	01110010000000000010000065
1	01110010000000000001000065
1	01110010000000000000001065
1	01110000348
1	0111000011111111299
1	011100001111000065
1	0111000010000000299
1	011100000111001065
1	011100000101000065
1	0111000001010000299
1	0111000001000000580
1	011100000100000001010000010100000101000001000000391
1	0111000000010000602
1	01110000000100006
1	011100000001000001000000299
1	01110000000000001111000111110001359
1	011100000000000010000000299
1	01110000000000000110000065
1	011100000000000000010000299
1	01100000602
1	01100000580
1	01100000575
1	01100000571
1	0110000019
1	01100000011000006
1	0110000000010000266
1	01100000000100000111000065
1	01100000000000000000000065
1	0110000000000000000000000000000074
1	010111110101000019
1	010111110011000019
1	0101111010000000612
1	010111100001100019
1	010111100001001019
1	010111100001000119
1	0101101165
1	01011011348
1	0101101119
1	010110110111111165
1	0101101101011011642
1	01011011000000000000000065
1	010110110000000000000000299
1	0101101019
1	01011010011111106
1	0101101001011010299
1	0101101001011010266
1	0101101001000000266
1	010110100000001000000000299
1	01011010000000010101101165
1	0101100065
1	01011000602
1	01011000348
1	0101100019
1	010110000000100000000000299
1	0101100000000010299
1	01011000000000000000000065
1	010110000000000000000000299
1	01010110612
1	0101011019
1	01010110011101106
1	0101011001010110266
1	01010110000000100101101065
1	010101100000001000000000299
1	010101100000000000000000299
1	0101010065
1	01010100602
1	01010100348
1	0101010019
1	010101000000010000000000299
1	0101010000000010299
1	01010100000000000000000065
1	010101000000000000000000299
1	01010010580
1	01010010306
1	010100100111001065
1	010100100101001000000000299
1	010100100100000001010010299
1	010100100100000000000000299
1	01010010001000000111001065
1	0101001000010010299
1	010100100001000000000000299
1	01010010000000000100000065
1	01010010000000000000000065
1	0101000165
1	01010001602
1	01010001348
1	01010001306
1	0101000119
1	010100011111111111111111612
1	0101000111000001299
1	010100011100000119
1	010100011100000111010001612
1	0101000110000000266
1	0101000101010001299
1	0101000101000001299
1	010100010100000011111111299
1	010100010100000011010001299
1	010100010100000000000000299
1	010100010010000011111111299
1	010100010010000011110001299
1	010100010001100011011001299
1	010100010001000011010001299
1	010100010001000000000000299
1	010100010000100011011001299
1	010100010000010011111111299
1	010100010000001011111111299
1	010100010000001011010011299
1	010100010000000111111111299
1	010100010000000111010001299
1	010100010000000000010000299
1	01010001000000000000000065
1	01010000554
1	01010000306
1	0101000011111111602
1	0101000011000000338
1	010100001000000000000000307
1	0101000001011010299
1	0101000001010110299
1	0101000001010000266
1	01010000010100000101000065
1	0101000001010000010100006
1	010100000101000001010000299
1	0101000001010000010100000101000001000010301
1	010100000100010001110000000000100001001000000010391
1	0101000001000010338
1	0101000001000010299
1	0101000001000001338
1	0101000001000000602
1	0101000001000000010100000101000001000001301
1	010100000010000000000000307
1	010100000001001000000000299
1	0101000000010000580
1	010100000001000000000000307
1	01010000000000100101001065
1	010100000000001000000000307
1	010100000000000100000000307
1	01010000000000000111000001110000359
1	01010000000000000100000065
1	0100010001000100642
1	01000010602
1	010000106
1	0100001019
1	0100001001000010266
1	0100001001000010010000106
1	01000010000000000000000065
1	01000001602
1	010000016
1	0100000119
1	0100000101000001266
1	0100000101000001010000016
1	0100000100010000266
1	0100000100000001299
1	0100000100000000299
1	01000001000000000000000065
1	010000001101101100000000299
1	010000001001001000000000299
1	010000001000000100000000299
1	0100000010000000602
1	01000000100000006
1	010000001000000000000000299
1	0100000001100000000000000110000074
1	010000000101101000000000299
1	010000000101001065
1	0100000001010010266
1	0100000001010000266
1	010000000101000011111111299
1	010000000101000011010001299
1	010000000101000001010001299
1	01000000010100000101000065
1	0100000001010000010100000101000001010000301
1	010000000101000001000000312
1	0100000001000000580
1	0100000001000000391
1	010000000100000011111111309
1	01000000010000001111110165
1	01000000010000001111100165
1	010000000100000011000001309
1	0100000000100000602
1	01000000001000006
1	010000000010000000000000299
1	0100000000010000602
1	01000000000100006
1	0100000000010000391
1	0100000000010000359
1	010000000001000000000000299
1	010000000000010065
1	0100000000000010602
1	01000000000000106
1	0100000000000001602
1	01000000000000016
1	010000000000000100000000299
1	00111110578
1	0011111000000000359
1	0010010011100001602
1	001000001111111100000000299
1	001000001101101100000000299
1	001000001101001000000000299
1	001000001100000100000000299
1	001000001000000000000000299
1	0010000001110010266
1	00100000011000006
1	0010000001000000299
1	0010000001000000266
1	001000000011000011111111299
1	001000000011000011110001299
1	001000000010000000000000299
1	0010000000000000000000000000000074
1	000111100101000019
1	0001110000000010359
1	00011010334
1	0001101000000000602
1	00011010000000000000000000000000299
1	0001100065
1	000110006
1	00011000474
1	000110000000100065
1	0001100000001000612
1	0001100000001000334
1	000110000000010019
1	0001100000000000338
1	0001100000000000000000000000000074
1	0001010065
1	000101006
1	00010100474
1	000101000000010065
1	0001010000000100612
1	0001010000000100334
1	0001010000000000338
1	0001010000000000000000000000000074
1	000100100100000065
1	0001001001000000602
1	0001001001000000266
1	000100100001000065
1	0001001000010000602
1	0001001000010000266
1	0001001000000000602
1	000100001111101100000000299
1	000100001101100165
1	000100001101001165
1	000100001101001000000000299
1	0001000001100000359
1	000100000101000065
1	00010000010100006
1	000100000101000001010001299
1	000100000100000100000000299
1	0001000001000000000000000100000074
1	0001000000100000000000000000000074
1	0001000000011010612
1	000100000001001000000000299
1	000100000001000011111111299
1	000100000001000011010001299
1	000100000001000001000000299
1	000100000000100019
1	000100000000100011111111299
1	0001000000001000000000000000000074
1	000100000000001065
1	0001000000000010602
1	0001000000000010266
1	000100000000000019
1	000100000000000000010000602
1	0001000000000000000000006
1	000100000000000000000000571
1	000100000000000000000000312
1	000010001111111100000000299
1	0000100011111111000000000000000074
1	000010001111101100000000299
1	000010001111000100000000299
1	000010001101001000000000299
1	000010001001000000000000299
1	0000100001011000299
1	000010000001100011011001299
1	000010000000100011111111299
1	000010000000100011111001309
1	000010000000100001011000299
1	0000100000000010299
1	000010000000000000000010299
1	0000100000000000000000000000000074
1	0000010165
1	0000010011111110639
1	00000100111111106
1	000001001111100100000000299
1	000001001101101000000000299
1	000001001001000000000000299
1	0000010001010100299
1	0000010001000000299
1	000001000010000000000000299
1	000001000001010011111111299
1	000001000000010011111101309
1	000001000000010001010100299
1	0000010000000100000001006
1	0000010000000000000000000000000074
1	0000001060
1	000000101111110100000000299
1	000000101101101165
1	000000101101101000000000299
1	000000101101001165
1	000000101001000000000000299
1	0000001001010010266
1	00000010010000106
1	0000001001000000299
1	000000100001001011111111299
1	000000100001001011010011299
1	00000010000000100101011065
1	000000100000000010000000299
1	0000001000000000000000000000000074
1	000000011101101000000000299
1	000000011101001165
1	000000011101000165
1	000000011001001000000000299
1	0000000101011011266
1	00000001010000016
1	0000000101000000299
1	0000000101000000266
1	000000010001000111111111299
1	000000010001000111010001299
1	0000000100000100266
1	000000010000000111111111309
1	00000001000000010000000065
1	0000000100000000000000000000000074
1	000000001111111100100100391
1	00000000111111110000000000000000299
1	0000000011111101526
1	0000000011111101299
1	000000001111110100000000299
1	0000000011111010299
1	0000000011111001526
1	0000000011111001299
1	000000001111100100000000299
1	0000000011110001639
1	0000000011110001578
1	0000000011110001526
1	0000000011110001266
1	000000001111000111110001612
1	000000001111000100000000299
1	00000000111100001111000065
1	000000001111000000000000299
1	000000001110000100000000299
1	0000000011011011299
1	0000000011011010299
1	0000000011011001299
1	000000001101100111011001612
1	00000000110100116
1	0000000011010011299
1	000000001101001111010011612
1	0000000011010010299
1	0000000011000001639
1	0000000011000001578
1	000000001100000100000000299
1	0000000011000001000000000000000065
1	00000000110000006
1	000000001001001065
1	0000000010010000299
1	0000000010000001526
1	0000000010000001299
1	000000001000000100000000299
1	000000001000000065
1	0000000010000000602
1	0000000010000000578
1	000000001000000010000000612
1	000000001000000010000000299
1	0000000010000000000000000000000074
1	0000000001110010526
1	0000000001110000266
1	00000000011100000111000065
1	000000000110000065
1	0000000001100000602
1	0000000001011010299
1	000000000101101001011010612
1	000000000101000100000000299
1	0000000001010000578
1	00000000010000106
1	00000000010000016
1	000000000100000101000001612
1	0000000001000000391
1	00000000010000000101000001010000359
1	0000000000111110000000000000000065
1	0000000000100000474
1	000000000010000000100000612
1	000000000001100065
1	0000000000011000602
1	0000000000011000474
1	0000000000011000299
1	0000000000011000000000000000000074
1	00000000000110000000000000000000299
1	000000000001010065
1	0000000000010100602
1	0000000000010100474
1	0000000000010100299
1	0000000000010100000000000000000074
1	00000000000101000000000000000000299
1	000000000001001000000000299
1	0000000000010001000000010000000065
1	000000000001000011111111299
1	000000000001000000010000266
1	0000000000010000000000000001000065
1	0000000000001000000000000000000074
1	0000000000000100000000000000000074
1	000000000000001000000010299
1	0000000000000010000000000000000074
1	0000000000000001526
1	0000000000000001000000000000000074
1	0000000000000000348
1	0000000000000000342
1	00000000000000001111111111111111359
1	000000000000000011111110299
1	000000000000000011111101474
1	000000000000000011111001474
1	000000000000000011110001474
1	000000000000000011100001474
1	000000000000000011011001299
1	000000000000000011010011299
1	000000000000000011000001474
1	0000000000000000110000006
1	000000000000000010000001474
1	0000000000000000011000006
1	000000000000000001100000474
1	000000000000000001011010299
1	0000000000000000010100006
1	0000000000000000010000106
1	0000000000000000010000016
1	000000000000000001000001299
1	00000000000000000100000001000000612
1	000000000000000000011010474
1	0000000000000000000101000000010065
1	00000000000000000001000065
1	00000000000000000001000000010000299
1	00000000000000000001000000000000299
1	00000000000000000000001065
1	0000000000000000000000005
1	00000000000000000000000011110001299
1	00000000000000000000000011100001299
1	00000000000000000000000011000001299
1	00000000000000000000000010000001299
1	00000000000000000000000010000000299
1	0000000000000000000000000001000000010000612
1	00000000000000000000000000000001299
1	000000000000000000000000000000006
1	00000000000000000000000000000000359
1	0000000000000000000000000000000010000000299
1	00000000000000000000000000000000000001000000000000000000299
