111852	00000000299
80310	01111111299
69799	000000000000000000000000299
50727	0000000000000000299
48963	011111110000000000000000299
44246	011111116
39297	0000000000000000612
34927	000000006
29017	0000000065
28923	01111111602
28065	00000000526
26892	0111111101111111602
25366	299
20595	0111111101111111299
20541	00000100299
20339	000001000000000000000000299
19796	0100111065
19727	0111111100000000266
19296	000000000000000065
17559	0000000000000000642
17342	01111111224
17259	01111111108
17201	00000000474
16913	0000000000000000266
16650	00000000224
16500	00000000338
16119	0111111119
16041	0111111101111111642
14653	011111110111111100000000299
14460	0111111101111111266
14021	00000000000000006
13586	011111110111111165
12246	01111111580
11053	01111111474
10941	01111111338
10702	01111111011111110111111165
10292	0111111101111111338
9898	01001110334
9853	0111111101111111011111110111111101111111327
9830	0000000001111111299
9756	01111111526
9652	01111111011111116
9063	0111111101111111612
8561	0000000019
8471	0000000000000000338
7511	0111111165
6753	00000000000000000000000065
6610	00000000612
6520	0000000000000000526
6297	011111110111111101111111327
5568	00000000000000000000000000000000299
5509	0000000000000000334
5401	43
5359	74
5339	0000010000000000266
5031	0111111101111111334
4959	0100111001001110612
4954	0100111000000100334
4949	010011100000000000000000299
4937	010011100111111165
4898	0000000000000000602
4850	00000000011111110000000000000000299
4844	0000000001111111602
4838	0000000000000000000000000000000000000000612
4836	00000000000000000111111101111111612
4832	0111111101111111000000000000000074
4822	593
4815	000000000111111119
4808	01111111642
4187	0000000000000000000000006
4084	00000000359
4067	00000000578
3501	00000000602
2954	00000000580
2865	011111110111111101111111338
2851	00000001299
2270	000000000000000000000000327
2175	00000000108
1903	0000011165
1891	000000010000000000000000299
1734	00000111299
1670	00000010299
1578	000000000000000000000000612
1533	000001110000000000000000299
1465	0000011100000111612
1439	01111111011111110111111101111111333
1433	01111111011111110111111101111111326
1363	000000100000000000000000299
1334	0000000001111111526
1302	00000000575
1280	0000000000000000474
1239	00000000348
1195	00000000571
1014	000000000000000019
992	000000000000000000000000338
957	0111111101111111326
947	0111111101111111333
856	0000000000000000359
847	0000000000000000580
817	0000000000000000000000000000000000000000299
811	0000000000000000598
783	0000000000000000000000000000000000000000327
752	0000010165
733	000001010000000000000000299
663	0000010100000101612
662	000000000000000100000000299
607	00000000000001116
596	0000011100000111642
589	00000111224
567	0000001000000000266
564	00000111359
537	00000101299
532	30
525	0000011100000000338
515	000000016
510	000001110000011100000000338
484	000000000000000000000000602
477	0000000100000001612
466	0000011100000000299
466	00000000642
462	0000000165
462	0000000100000000266
460	00000000000000000000000000000000612
459	0000000100000001642
458	0000011100000111338
453	00000001224
452	000000000000000000000000474
438	00000000000000116
435	0000001000000010612
433	0000001100000011642
417	0000000000000000000000000000000074
415	00000011359
410	00000011224
390	01001010299
385	00000000000000016
384	0101000001010000612
380	01010000453
380	0000010100000101642
372	0101000001010000532
366	0000001100000000642
363	0000000100000001299
360	00000011299
349	00000001359
348	000000000000001000000000299
347	000000106
346	00000000000001016
343	00000101224
334	0100000001000000612
332	0000010000000100612
331	00000101359
330	639
326	0000001000000010642
323	0101000000000000391
323	010010100000000000000000299
313	00000001000000010000011165
304	000000000000001065
300	0000000000000111000000000000000065
298	0000000000000000222
291	0100000000000000299
290	00000111000000010000011165
290	000000000000011100000000299
289	000000000000000000000000555
288	000000110000000000000000299
286	000000000100000065
283	000000000000010000000000299
279	0111111100000000299
276	00000000000000106
274	0101000000000000580
273	0000000100000000642
267	00000000000000000000000019
263	0000010000000100642
262	00000111000000006
262	0000001100000011612
262	0000001000000000299
257	000000000000000000000000266
254	00000100224
251	00000010224
251	0000000000000000000000000000000065
250	00000111334
247	000001010000010000000000338
244	000001010000010100000000556
244	0000000000000000555
241	0000001165
240	00000000554
239	00000000000001006
237	01111111612
233	00000010359
231	0000011100000111299
230	00000000334
228	00000111000000000000000065
217	01110111612
217	01001011299
217	000000010000000165
217	000000000000000165
216	000000000000000000000000326
215	0111011101110111612
214	000000000000010065
211	000001006
208	01110111453
204	0000010065
202	0000000100000000299
201	0000010000000000299
199	0000000000000000578
198	0111011101110111532
198	0000000000000010299
192	0000000000000001299
191	0000001065
189	0100101065
189	00000101000000000000000065
187	0000000000000101000000000000000065
184	0000001100000001299
181	01111111453
180	0000000000000000639
175	0000000119
172	0000001000000000642
169	0000011100000010334
168	65
168	00000010602
167	0000010100000000299
163	000001116
159	0100101001001010612
158	00000101334
158	00000100602
156	00000111526
153	109
153	000000000000011165
152	000000000000000000000000556
150	0100101165
150	00000100359
149	000000000000000000000000642
148	0000000000000000000000000000000000000000326
147	00000111474
147	0000000000000010602
147	0000000000000000556
146	0000000000000000333
145	010010110000000000000000299
145	000001000000010000000000338
144	00000111612
140	01110000299
140	0000000100000000338
140	0000000000000000326
139	0000000000000100299
139	000000000000000068
138	000001110000000065
134	000000000111000065
134	00000000000000000000000000000000109
130	00000001612
128	000000010000000065
127	000000000111111165
126	0000011100000010299
124	0111111101111111532
124	00000111575
124	0000011100000000642
124	00000001602
123	0111000000000000299
121	00000001526
119	01001111299
118	0000011119
118	00000001474
117	0000010100000001299
117	00000000000000000000000000000000474
115	0000001000000010299
113	0000000000000001602
112	000000100000000065
112	000000000000000000000001299
110	0000000000000100602
109	0000011100000000266
109	0000010100000100299
107	010010116
105	00000010000000000000000065
105	000000000111111100000000299
103	01111111359
102	0101001165
100	011100000000000000000000299
100	000000116
97	000000110000000100000000556
95	000001016
95	000001000000000000000000556
95	00000001000000006
94	0000010100000100334
93	01001010334
93	000001110000011119
93	00000100000000000000000065
92	00000100526
90	0000010100000000642
90	0000010100000000266
90	000000010000011165
88	01001010474
88	000001110000011165
87	0000001100000000266
87	0000000001111111612
85	00000100000000006
85	00000011474
84	0000010100000000338
84	0000000100000000556
83	0000000000000111602
80	01000000299
80	00000100474
79	0100101101001011612
79	000001110000000100000000299
78	00000010526
76	00000101612
76	000001010000010000000000299
75	00000000000000100000000000000000299
73	01110111299
72	00000101000001010000011165
72	000001000000000065
72	00000010000000106
71	0000000100000001338
70	0101011165
70	010011116
70	00000010612
70	00000001000000016
69	0000001100000010299
69	000000000111111101111111612
68	000001110000001000000000299
68	0000010100000001334
68	000000110000001000000000299
67	000000100000001065
66	011111110000000065
66	0000001019
66	000000100000000100000000299
66	0000000001001010526
65	0000000100000001266
65	00000000000001000000000000000000299
64	01001010526
64	0000010000000100299
64	000000000000000000000010299
64	000000000000000000000000222
63	00000111453
63	0000010000000100334
63	00000001000000000000000065
62	0100101000000000266
61	0000001000000000338
61	00000001348
60	000001110000001100000000556
60	000001010000000165
60	00000000000000000000000000000000326
59	000000110000000165
59	00000000011111116
59	000000000000010100000000299
58	000001110000010000000000299
58	00000101000001000000000065
58	0000000000000011602
57	0111111100000010299
57	000001110000010000000000338
57	00000101474
56	010100000000000000000000000000000000000000000000391
56	000001110000001100000000338
56	00000100000001006
56	00000010474
55	00000101526
55	0000000001001010299
54	00000100612
54	0000000100000001334
54	0000000000000011299
54	00000000000000005
54	000000000000000000000000581
53	000001000000010065
53	000000010000000100000000299
53	0000000000000101000001000000000065
53	0000000000000100000000000000000065
53	000000000000001165
52	0100101000000010334
52	0000000000000010000000000000000065
52	00000000000000010000000000000000299
51	0000010019
51	00000011612
51	00000001580
50	011101110000000000000000299
50	00000101602
50	00000011526
48	0000011100000111602
48	0000011100000100334
48	00000111000000110000011165
48	000000000000000001111111299
47	0000000100000001602
47	0000000000000101299
47	0000000000000001000000000000000065
46	011100000000000065
46	0101011101010111612
46	010010100111111165
46	000001010000000065
45	01110111602
45	0100101000000000556
45	000001110000000100000000556
45	000001010000010100000000338
45	00000100334
45	000000100000001100000000556
45	000000000000010165
44	526
44	01001011580
44	000000010000001000000000299
44	000000000000000000000100299
43	0111011101110111642
43	0000011100000111532
43	0000010119
42	000001110000000100000000338
42	0000010100000101338
42	000000110000000100000000338
42	000000100000001100000000338
42	0000001000000010359
42	00000000000000000000000000000000266
41	01111111000000000000000065
41	000001110000000000000000556
41	0000001000000010338
41	000000100000000000000000556
41	0000000001001011266
40	00000011334
40	0000001100000010334
39	0101001101010011612
39	0100111101001111612
39	010011110000000000000000299
39	0000010000000100602
39	000000010000010000000000299
38	011100000111000000000000299
38	00000010580
38	0000000001110000612
38	0000000000000111299
36	00000111348
36	0000011100000111334
36	000001010000010165
36	0000010100000101602
35	0111111100000000602
35	01010000612
35	0100101019
35	010000000000000000000000299
35	0000010000000100338
35	0000001000000010602
35	0000000000000011526
35	0000000000000000000000100000000000000000299
34	0111111100000000642
34	01001011334
34	00000111000001110000000065
34	0000011100000100299
34	00000101000000006
34	0000000000000111000001110000000065
34	0000000000000101602
33	0111000001110000299
33	010000006
33	0000011100000001334
33	0000011100000001299
33	0000010000000000642
33	0000000001001111602
32	01110110453
32	0111011001110110612
32	0000011100000101299
32	00000111000000010000010165
32	000001010000010100000000299
32	0000010000000100359
32	000000010000000000000000556
31	0000011100000111266
31	0000001119
31	0000001000000010334
31	00000000312
31	00000000309
31	000000000000011119
30	011111110000001000000000299
30	0111111100000001580
30	0111111100000000639
30	0111111100000000391
30	011111110000000001111111327
30	0111011000000000391
30	01010011334
30	010100110000000000000000299
30	01010000602
30	010010110111111165
30	0100101000000000338
30	0000010100000101000001010000001000000010327
30	0000001100000001334
30	000000100000001000000010299
30	000000010000000100000000338
30	00000000010110116
30	000000000000000001001010299
29	0111111100000000580
29	0111011100000000580
29	010010106
29	0000010100000101266
29	00000001334
29	0000000001010000508
29	0000000000000000391
28	01011011359
28	01011011224
28	0101101101011011642
28	0100111101111111612
28	00000101575
28	000001000000001000000000299
28	00000010000000006
28	000000100000000000000000338
28	000000010000010165
28	00000000010100116
28	0000000000000000000000010000000000000000299
28	000000000000000000000000526
27	010100110000000100000000556
27	010100110000000100000000338
27	01001111010011116
27	00000101580
27	0000001100000011602
27	0000000100000001359
27	0000000000000001526
27	000000000000000000000000312
27	000000000000000000000000309
26	011111110111111101111111299
26	00000101338
26	000001000111111165
26	00000010348
26	000000010000000100000001299
26	0000000001111111474
26	0000000001110000299
26	0000000000000000224
26	0000000000000000000001000000000000000000299
26	00000000000000000000000000000000333
25	0111011165
25	0111011100000111580
25	0111011100000000000001110000011100000111391
25	0100101001001010642
25	000000110000010065
25	000000110000001065
25	000000100000001000000000299
25	0000000001110111612
24	0111000065
24	01001111000000006
24	00000111000000010000000165
24	0000010000000000000001000000001000000010327
24	0000001000000010266
24	000000000100111165
23	0111011119
23	0111011101110111299
23	01010011359
23	01010011224
23	0101001101010011642
23	0100101100000000266
23	0000010000000100266
23	00000011000000006
23	0000000000000001266
23	0000000000000000000000000000010000000100327
22	01111111000000100101001100000001391
22	01100000299
22	01010111334
22	0100111165
22	00000111000001116
22	00000100348
22	0000000001001010474
22	000000000000001100000000299
22	000000000000001000000010612
21	10000000299
21	0100101119
21	0100101100000001334
21	0100101000000000299
21	000001110000011100000000312
21	000001110000001100000000299
21	0000011100000001338
21	000001010000010119
21	0000010000000000639
21	0000001100000000299
21	00000001453
21	000000010000000119
21	000000010000000100000001000000010000000100000001391
21	0000000060
21	000000000111000000000000299
20	01111111348
20	01110000612
20	0111000000000000266
20	0101011100000100334
20	010101110000000000000000299
20	01010000299
20	000001110000011100000001312
20	0000010100000101299
20	00000100580
20	000001000000010100000000556
20	000001000000010000000100299
20	000000110000000100000000299
20	00000001575
20	0000000001001010602
20	0000000000000111526
20	0000000000000111474
20	00000000000000110000001165
20	00000000000000000000000001111111299
19	0111011101110111508
19	01000000224
19	00000111580
19	000000100111111165
19	00000001000001006
19	0000000000000100639
19	0000000000000000010010100000000000000000299
18	0111011100000000266
18	0111000019
18	0101001100000010334
18	01001011359
18	010010100100101065
18	01000000359
18	0100000001000000642
18	01000000010000006
18	0000011100000000602
18	00000101453
18	0000010101111111299
18	00000010338
17	0111111101001011299
17	0111011100000111391
17	01010111453
17	0100101001001010266
17	010000000000010000000000299
17	0100000000000000338
17	0000011101110111612
17	00000101108
17	00000100000001000000000065
17	00000000010111116
17	00000000010000006
17	000000000000000000000001474
16	0111011100000001309
16	01011111359
16	01011111224
16	0101111101011111642
16	010100110000001000000000299
16	010100000000000000000000299
16	0000010100000101334
16	00000101000001010000010165
16	00000010578
16	00000010571
16	00000001338
16	00000001000000106
16	0000000000000010639
16	0000000000000000011111110000000000000000299
15	011111110000010000000100000001000000010000000000391
15	01111111000000000111111165
15	0111011100000001580
15	0101001100000001334
15	01001010348
15	01001010000000006
15	010000000100000000000000299
15	0000011000000110612
15	00000101000001016
15	000001010000010100000101327
15	0000010100000101000001010000010000000100327
15	0000010100000101000001010000000100000001327
15	00000011580
15	000000100000001019
15	000000000000000000000000109
15	00000000000000000000000001001010474
14	100000000000000000000000299
14	0111111100000011299
14	011101110111011100000000299
14	01001010612
14	0100000065
14	01000000526
14	00000111602
14	00000101011111110111111165
14	000001000000010000000000556
14	000000110000010000000000299
14	00000001000000010000010165
14	00000001000000010000000165
14	0000000001111111266
14	000000000000010119
14	0000000000000010266
13	011111110100101165
13	011111110000001065
13	01110111580
13	011000000000000000000000299
13	01010000000000006
13	00000101348
13	0000010101111111000001010111111101111111327
13	000000000111011165
13	000000000100101065
13	0000000001000000299
13	0000000000000010474
13	000000000000000000000101299
13	000000000000000000000011299
13	000000000000000000000000359
12	0111111101001010580
12	0111111101001010391
12	0111011100000100580
12	011101110000010000000001000001010000000100000100391
12	011100000111000065
12	010011100000010165
12	01001011602
12	01001011474
12	010010100000001065
12	010010100000001000000000299
12	000001110000000165
12	000001000000010019
12	000001000000001065
12	00000011348
12	0000001100000111602
12	0000001100000100602
12	00000010334
12	000000100111111100000000299
12	0000000001001011602
12	00000000000001110000001165
12	000000000000010000000100612
12	000000000000000100000001612
11	0111111101001011602
11	011111110000000001001011299
11	011101110000011100000111000001110000001000000111391
11	010100110000000100000000299
11	0100101001001010602
11	010010100000011165
11	01001010000000016
11	010000000100000065
11	0000011101110111508
11	00000111010010106
11	000001110000010165
11	0000001100000010602
11	0000001000000001299
11	0000001000000000602
11	0000000100000101299
11	0000000100000000639
11	0000000001001011526
11	00000000010010106
11	0000000000000101526
11	0000000000000100474
11	0000000000000010359
11	0000000000000001639
11	0000000000000001474
11	000000000000000000000111299
11	0000000000000000000000000000000001001111299
10	0111111101001011266
10	011111110000000019
10	01111111000000000000001065
10	01110111000000000000000065
10	0110000065
10	010100110000010000000000299
10	01001111580
10	010010100000010065
10	010010100000010000000000299
10	0100101000000010299
10	000001110000010065
10	0000011100000001391
10	000001000000000100000000299
10	000000110000011165
10	0000001100000011266
10	0000001001111111299
10	0000001000000000639
10	0000001000000000612
10	0000001000000000000000000000000074
10	0000000100000111602
10	0000000100000001532
10	00000001000000010000000065
10	0000000001110111299
10	00000000010101116
10	000000000100101165
10	0000000001001011578
10	00000000010010100100101065
10	0000000000000111266
10	00000000000000100000000065
10	0000000000000000000000000000000000000000474
9	011111110111111119
9	0111011100000010580
9	011101110000001000000001000001010000000100000010391
9	011101110000000100000001000001010000000100000001391
9	0111011100000000391
9	0111011100000000299
9	0111000001110000642
9	01110000000000000000000065
9	0101111101011111612
9	0101101100000000642
9	0101011101010111532
9	01001111000000116
9	01001011000000006
9	01001010224
9	0100101001001010299
9	0100000019
9	000001110000011100000111312
9	000001110000010100000101000001010000010100000100391
9	0000011100000011299
9	0000011100000000000001110000001000000010327
9	000001110000000000000000309
9	0000010100000010299
9	00000100338
9	000001000000010000000000299
9	00000100000000016
9	00000011602
9	000000110100111165
9	0000001100000001602
9	000000110000000065
9	000000100000011165
9	0000001000000010000000000000001074
9	0000001000000000000000100000001000000010327
9	000000010000010065
9	00000001000000116
9	000000000111011101110111612
9	000000000111000001110000612
9	0000000001001111266
9	00000000000001010000000000000000299
9	000000000000000001111111474
9	000000000000000001110111299
9	000000000000000001110000299
9	000000000000000000000111474
9	00000000000000000000010100000101612
9	00000000000000000000000101001011266
8	79
8	328
8	10000000526
8	0111111101111111359
8	01111111011111110000000065
8	011111110000011100000000299
8	011111110000010100000000338
8	0111111100000100299
8	0111111100000001299
8	0111111100000000359
8	011101110000011100000000000000000000000000000000391
8	011101110000010000000100000000000000010000000000391
8	011101110000000100000001000000010000000100000001391
8	010101110000010100000101000001010000010100000101391
8	010010110111111100000000299
8	0100101101001011642
8	010010100000000165
8	010010100000000100000000299
8	010010100000000065
8	0100000001000000299
8	0100000000000000642
8	0100000000000000266
8	000001110000001065
8	0000011100000001602
8	00000101000001010000000165
8	0000010100000101000000000000000074
8	0000010100000100338
8	000001000000011165
8	000001000000010165
8	0000010000000101338
8	0000010000000000612
8	00000011000000016
8	0000001000000011266
8	00000010000000000000000000000000299
8	00000001312
8	00000001309
8	000000010111111165
8	000000010000001165
8	000000010000001065
8	0000000100000000602
8	0000000001111111578
8	0000000000000100526
8	00000000000001000000000065
8	0000000000000010526
8	0000000000000010000000000000000074
8	0000000000000001578
8	000000000000000001001011299
8	0000000000000000000000016
8	000000000000000000000000328
8	0000000000000000000000000000001065
7	01111111578
7	011111110100111165
7	0111111100000101299
7	011111110000000100000000299
7	01111111000000006
7	011110110100101165
7	01110001299
7	0111000001001011299
7	0111000000000000602
7	011100000000000000000001299
7	011000000110000065
7	0110000001100000642
7	01011011612
7	0101001100000000642
7	0101001001010010612
7	0100111000000100299
7	01001011224
7	01001010359
7	0000011100000111391
7	00000111000000116
7	0000010100000111299
7	0000010100000101532
7	000001010000010100000101000001010000010100000100391
7	00000100575
7	0000010000000000000000000000000074
7	000000110111111100000000299
7	000000100000001165
7	000000010111011165
7	000000010111000165
7	0000000100000000359
7	0000000100000000000000010000001000000010327
7	0000000010000000299
7	00000000010010116
7	00000000000001110000011165
7	0000000000000100000000000000000074
7	00000000000000010000000065
7	0000000000000001000000000000000074
7	0000000000000000342
7	000000000000000000000000334
6	338
6	10000000474
6	1000000010000000612
6	01111111554
6	0111111100000011580
6	0111111100000000326
6	011111110000000001111111299
6	0111111100000000000000000000000074
6	01110111348
6	011101110111011165
6	011101110111011101110111000001000000010000000100391
6	011101110111011101110111000000010000000100000001391
6	011101110111011100000101000000100000001000000010391
6	011101110000011100000111000001110000010000000111391
6	0111011100000100391
6	0111011100000100299
6	011101110000001000000010000000000000001000000000391
6	0111011100000001391
6	0111011100000001299
6	011101110000000100000001000000000000000100000000391
6	01110000359
6	011100000111000001110000299
6	01100000338
6	0110000001100000612
6	01011111453
6	0101111100000000642
6	0101101101011011612
6	01010111359
6	01010111224
6	0101011101010111642
6	0100111119
6	010011110111111165
6	010011110111111100000000299
6	01001010602
6	0100101000000010602
6	01001010000000106
6	01000000612
6	0100000001000000266
6	000001110111011165
6	0000011101110111391
6	0000011100000010580
6	0000011100000000580
6	00000111000000000000001065
6	00000101642
6	000001010000010000000000306
6	000001000111011165
6	0000010000000110602
6	000001000000010000000000309
6	0000010000000010602
6	00000100000000106
6	00000100000000000000000000000000299
6	000000110000001165
6	000000110000001100000000299
6	0000001100000001000000110000010000000100327
6	0000001100000001000000110000000100000001327
6	00000011000000000000000065
6	00000010000000100000000000000000299
6	00000010000000016
6	0000001000000001266
6	0000000101110111391
6	0000000100000010602
6	000000010000000100000000309
6	0000000100000000612
6	000000000111011100000000299
6	0000000001100000299
6	0000000001001011299
6	0000000000000000000000106
6	0000000000000000000000000000010065
6	0000000000000000000000000000000165
5	01111111571
5	011111110000010000000100000001000000010000000100391
5	011111110000000001001111299
5	011111110000000000000000000000000000000000000000391
5	011101110111011100000101000001000000010000000100391
5	011101110000011100000111000001110000011100000111391
5	011101110000011100000001000000010000000100000111391
5	0111011001110110532
5	01110101299
5	01110000580
5	01110000554
5	01110000011100000111000065
5	011100000000000019
5	011000006
5	010101110000010000000000299
5	0101001100000010299
5	0101001100000001299
5	010100006
5	0100101001001110602
5	0100101000000100602
5	01001010000001006
5	01000000580
5	010000000000000065
5	0000011100000111580
5	000001110000011100000111000001110000011100000111391
5	000001110000010019
5	000001110000001019
5	0000011100000000000001110000011100000111391
5	000001010111111165
5	00000101011111110000010101111111333
5	0000010100000101333
5	00000101000001006
5	000001010000000100000000299
5	00000100000001000000000000000000299
5	000000110111111165
5	00000011000001116
5	0000001100000100299
5	000000100000000165
5	000000010000011100000000299
5	0000000100000100602
5	0000000100000011299
5	0000000100000001580
5	000000010000000100000001312
5	000000010000000100000001309
5	0000000100000001000000010000000100000001307
5	0000000100000000000000000000000074
5	00000001000000000000000000000000299
5	0000000001111111359
5	000000000111111100000000266
5	0000000001110000578
5	0000000001110000266
5	00000000011000006
5	00000000010011100100101065
5	0000000001001010266
5	00000000010010100000000000000000299
5	0000000000000100359
5	0000000000000100338
5	000000000000001100000011612
5	000000000000000119
5	0000000000000000532
5	000000000000000001001010474
5	0000000000000000000001006
5	00000000000000000000001065
5	000000000000000000000010474
5	00000000000000000000000100000001612
5	00000000000000000000000074
5	000000000000000000000000575
4	011111110100101019
4	011111110100101000000000299
4	011111110000010100000000299
4	0111111100000100639
4	011111110000010001111111299
4	011111110000010000000000299
4	011111110000001100000011000000110000001100000001391
4	0111111100000001391
4	011111110000000101111111299
4	0111111100000000612
4	0111111100000000334
4	01111111000000000111111101111111359
4	011111110000000000000000109
4	01110111359
4	011101110111011101110111299
4	011101110000011165
4	0111011100000111299
4	0111011100000010299
4	011101110000000100000000299
4	011100000110000000000000299
4	01110000000000000111000001110000359
4	01100000359
4	01100000224
4	0110000000000000266
4	01010111612
4	010101110000010000000000338
4	010101110000001100000000299
4	010101110000000065
4	01010011612
4	010100110000000065
4	0101000065
4	010100000000001000000000299
4	0101000000000000338
4	01001111474
4	01001111359
4	010011110100111165
4	0100101101111111612
4	010010110100101165
4	0100101100000010359
4	0100101100000001299
4	01001010580
4	01001010338
4	0100101001001011602
4	01001010000001016
4	010010100000001165
4	01001010000000116
4	0100101000000001602
4	0100101000000000000000000000000074
4	01000100000001000000000065
4	0100001101000011612
4	01000000602
4	01000000474
4	0100000001100000299
4	0100000000000011299
4	000001110000011100000111000001110000011100000010391
4	000001110000011100000111000001110000001000000000306
4	000001110000011100000100000001000000010000000111391
4	000001110000011100000001309
4	000001110000010100000101000001010000010100000101391
4	000001110000010100000000299
4	0000011100000100602
4	0000011100000100266
4	000001110000001000000010000000000000001000000000391
4	000001110000001000000000306
4	0000011100000000639
4	0000011100000000359
4	00000110359
4	00000110224
4	0000011000000110642
4	00000101011111110000010101111111326
4	0000010100000101381
4	0000010100000101326
4	000001010000010065
4	00000101000000116
4	000001010000001065
4	000001010000000100000001000000010000000100000001391
4	0000010100000000639
4	00000101000000000000010065
4	000001000000011100000000299
4	000001000000011065
4	0000010000000001299
4	0000010000000000602
4	0000010000000000338
4	00000011578
4	00000011571
4	00000011338
4	00000011010010106
4	000000110000010165
4	0000001100000011381
4	0000001100000011299
4	00000011000000106
4	000000110000001000000000306
4	00000011000000010000010165
4	000000101000000065
4	000000100000000001001011299
4	00000010000000000000010165
4	00000001578
4	00000001571
4	00000001000001016
4	0000000100000011602
4	000000010000000101110111299
4	000000010000000100000001000000010000010100000000306
4	000000010000000100000001000000010000001100000000306
4	00000001000000010000000000000000299
4	00000000011111110111111165
4	000000000111111101111111334
4	000000000111111101111111299
4	0000000001111111000000000000000074
4	0000000001001111526
4	0000000001001111299
4	00000000010010110100101065
4	0000000001001011000000000000001065
4	0000000001001010338
4	000000000100101000000000299
4	0000000001001010000000000000000074
4	000000000100001165
4	0000000001000000639
4	0000000001000000474
4	0000000000000111639
4	00000000000001106
4	0000000000000101474
4	000000000000010100000101612
4	0000000000000100266
4	0000000000000011266
4	00000000000000110000000165
4	0000000000000001338
4	0000000000000000597
4	00000000000000000111111101111111299
4	00000000000000000111111100000000299
4	00000000000000000000010000000100612
4	00000000000000000000001000000010612
4	00000000000000000000000000000000642
4	0000000000000000000000000000000001001011299
3	10000000578
3	1000000010000000266
3	100000000000001065
3	0111111101110111000001110000011100000011391
3	0111111101001111602
3	0111111101001111299
3	0111111101001010299
3	0111111100000111000001110111111100000011391
3	011111110000011100000111000001110000011100000100391
3	011111110000011100000111000001110000011100000000391
3	011111110000011100000111000001110000010100000000391
3	011111110000011100000111000001110000010000000000391
3	011111110000010165
3	011111110000001165
3	0111111100000011602
3	0111111100000011266
3	011111110000001100000011000000110111111100000001391
3	011111110000001100000000299
3	0111111100000010000000100000000000000011391
3	01111111000000000100101065
3	011111110000000000000100000001000000010000000000391
3	0111111100000000000000100000001000000011391
3	0111011101111111299
3	011101110111011101110111000000100000001000000010391
3	011101110111011100000101000000010000000100000001391
3	0111011100000111602
3	011101110000011100000111000001110000000100000111391
3	0111011100000101580
3	011101110000010100000101000001010000010000000101391
3	011101110000010001110111299
3	011101110000010000000000299
3	0111011100000011309
3	0111011100000010391
3	0111011100000000000001110000010100000101391
3	0111011100000000000001010000000100000001391
3	01110111000000000000010065
3	01110111000000000000000165
3	0111010101110111299
3	0111010000000000299
3	011100100000001065
3	0111000000000010299
3	01110000000000006
3	011000000000000065
3	01011111612
3	0101111101011111532
3	0101111101001010580
3	0101011101001010391
3	010101110000010000000100334
3	0101011100000001580
3	0101011100000000642
3	0101011100000000580
3	0101011100000000391
3	01010100000000006
3	0101001000000010299
3	010100100000001000000000338
3	01010000580
3	01010000474
3	0101000019
3	0100111100000000266
3	01001011612
3	01001011010010116
3	01001011000000116
3	010010110000001000000000299
3	0100101100000001359
3	010010100100101000000000299
3	00000111578
3	000001110111011100000000299
3	0000011100000111508
3	000001110000011100000011312
3	000001110000010100000101000001000000010100000100391
3	000001110000010100000101000000100000001000000010391
3	0000011100000100580
3	0000011100000011338
3	0000011100000010266
3	00000111000000100000011100000010391
3	000001110000001000000001000001010000000100000010391
3	000001110000000119
3	000001110000000100000001000001010000010100000100391
3	0000011100000000612
3	0000010101110111508
3	00000101000001116
3	000001010000010100000101000001010000010100000101391
3	000001010000010100000000312
3	000001010000000000000000556
3	00000100578
3	00000100571
3	0000010001110111391
3	000001000000010001110111299
3	000001000000010000000111309
3	0000010000000001391
3	0000010000000000334
3	000001000000000001111111299
3	000000110100101165
3	0000001100000111299
3	0000001100000101266
3	00000011000001006
3	0000001100000001266
3	00000010575
3	0000001001111111000000000000000074
3	000000100111011165
3	0000001001110111391
3	000000100000011100000000299
3	00000010000000116
3	0000001000000011334
3	000000100000001000000111309
3	000000100000001000000111299
3	00000010000000100000000065
3	000000100000001000000000309
3	0000000100000101602
3	000000010000001100000000299
3	000000010000001000000111299
3	000000010000000100000111309
3	000000010000000001111111299
3	000000000111010065
3	0000000001100000642
3	0000000001010011612
3	0000000001001011000000000000000165
3	000000000100101001001010612
3	000000000000011100000111612
3	0000000000000011578
3	0000000000000011000000000000000065
3	0000000000000010578
3	00000000000000100000001065
3	0000000000000001359
3	000000000000000001000000299
3	0000000000000000000001010000000000000000299
3	00000000000000000000000101001111266
3	000000000000000000000000571
3	00000000000000000000000001001010299
3	00000000000000000000000000000111299
2	1000000065
2	100000001000000000000000299
2	100000000000000065
2	01111111011111110111111100000001391
2	011111110111111100000010391
2	0111111101111111000000006
2	0111111101110111000001110000011100000001391
2	0111111101001111266
2	011111110100111119
2	011111110100101000000010299
2	0111111100000111000001110111111100000001391
2	0111111100000101602
2	0111111100000100580
2	0111111100000010391
2	011111110000001001111111299
2	011111110000001000000011299
2	011111110000001000000010000000100000001000000000391
2	01111111000000100000001000000000391
2	0111111100000010000000000000001074
2	011111110000000165
2	011111110000000119
2	0111111100000000555
2	011111110000000001111111326
2	011111110000000000000010000000100000001000000000391
2	01111111000000000000000165
2	011111110000000000000000391
2	0111111100000000000000000000001000000000391
2	01111111000000000000000000000000391
2	0111011101001111299
2	0111011100000111266
2	0111011100000101299
2	011101110000001000000000299
2	011101110000000101110111299
2	0111011000000010580
2	0111011000000000580
2	0111010165
2	0111010119
2	011101010111010000000000299
2	011101010000000000000111299
2	011101010000000000000000299
2	01110100299
2	011101000111010100000000299
2	011100110000001165
2	01110010299
2	0111000001111111299
2	0111000001110000612
2	0111000000000011299
2	011100000000000000000010299
2	01100000578
2	01100000526
2	01100000474
2	01100000334
2	011000000111000000000000299
2	0110000001010000266
2	0110000000000000299
2	01011111000000100101001100000001391
2	0101111100000001580
2	010101110111111165
2	0101011100000100299
2	010100110000001000000010334
2	010100100000010000000000299
2	01010000526
2	0100111100000111359
2	01001011526
2	0100101100000100359
2	0100101100000000642
2	0100101000000000642
2	010010100000000001111111299
2	0100101000000000010010106
2	01000000453
2	0100000001000000602
2	0100000001000000532
2	0100000001000000359
2	01000000010000000100000065
2	010000000100000001000000299
2	001000000000000000000000299
2	00000111571
2	00000111338
2	000001110000011100000111309
2	0000011100000111000001110000011100000010307
2	00000111000001006
2	000001110000010000000101299
2	0000011100000010602
2	00000111000000100101001100000001391
2	000001110000001000000000307
2	0000011100000001612
2	0000011100000001266
2	0000011100000001000000100000001000000010391
2	0000011100000000391
2	000001110000000019
2	00000111000000000000010065
2	00000111000000000000000165
2	00000110612
2	00000101578
2	00000101571
2	00000101306
2	0000010101111111338
2	000001010000011165
2	0000010100000111602
2	000001010000010100000101000001010000010000000000306
2	000001010000010100000101000001010000000100000000306
2	00000101000001010000010100000010326
2	0000010100000011299
2	0000010100000010612
2	0000010100000010602
2	00000101000000106
2	000001010000001000000111299
2	00000101000000016
2	000001010000000100000000306
2	0000010100000000000001010000001000000010327
2	00000100000001016
2	0000010000000101000001000000001000000010327
2	000001000000010000000101299
2	00000011306
2	0000001101110111299
2	00000011000000116
2	0000001100000011000000116
2	0000001100000010359
2	000000100111001065
2	000000100100101000000010299
2	0000001000000101639
2	000000100000001000000000338
2	0000001000000001602
2	0000001000000000359
2	000000100000000001111111299
2	0000000101111111000000000000000074
2	000000010111011100000000299
2	0000000100000100299
2	000000010000010001110111299
2	000000010000010000000101299
2	000000010000010000000000307
2	0000000100000011266
2	0000000100000010299
2	000000010000001000000000307
2	0000000100000001381
2	000000010000000100000101299
2	0000000100000001000000016
2	0000000100000001000000010000000100000011301
2	000000010000000100000001000000010000000100000000306
2	000000010000000100000000306
2	0000000059
2	0000000010000000526
2	0000000001111111642
2	0000000001111111639
2	0000000001111111338
2	000000000111111101111111642
2	0000000001111111000000000111111174
2	00000000011100000111000065
2	000000000111000001110000359
2	000000000111000000000000359
2	000000000101001065
2	0000000001001111578
2	0000000001001111000000000000011165
2	000000000100101101001011612
2	0000000001001011000000000000010065
2	0000000001000000578
2	0000000001000000526
2	0000000000000111578
2	00000000000001110000010165
2	0000000000000101266
2	00000000000001010000010165
2	0000000000000100612
2	0000000000000100000001000000000065
2	0000000000000011359
2	0000000000000010612
2	0000000000000010338
2	000000000000001000000011299
2	0000000000000000554
2	0000000000000000000001016
2	0000000000000000000000116
2	0000000000000000000000110000000000000000299
2	000000000000000000000010639
2	0000000000000000000000000111111165
2	00000000000000000000000001001011266
2	00000000000000000000000000000010299
2	0000000000000000000000000000001000000010327
2	00000000000000000000000000000000338
2	0000000000000000000000000000000000000011299
1	612
1	539
1	474
1	10000000602
1	100000006
1	1000000010000000642
1	1000000000000000642
1	1000000000000000266
1	01111111575
1	01111111334
1	0111111101111111580
1	0111111101111111222
1	011111110111111101111111612
1	011111110111111101111111391
1	01111111011111110111111101111111391
1	01111111011111110111111101111111359
1	0111111101111111011111110111111100000101391
1	011111110111111101111111000000110000001100000001391
1	011111110111111100000001391
1	011111110111111100000000555
1	0111111101111111000000000111111174
1	0111111101110111299
1	011111110111011100000000299
1	011111110101011100000100000000000000010000000100391
1	011111110101011100000100000000000000001000000100391
1	011111110101001100000010000000000000000100000010391
1	011111110101001100000001000000000000001000000001391
1	01111111010011116
1	01111111010010116
1	011111110100101119
1	011111110100101001111111299
1	011111110100101000000001299
1	0111111100000111299
1	011111110000011100000111000001110000011100000010391
1	011111110000011100000111000001110000011100000001391
1	01111111000001016
1	0111111100000101266
1	011111110000010101111111299
1	011111110000010100000111000001110000011100000100391
1	011111110000010100000101010101110000001000000100391
1	011111110000010100000101000001010000010100000100391
1	011111110000010000000111000001110000011100000100391
1	011111110000010000000100000001000111111100000100391
1	0111111100000100000001000000000000000100391
1	011111110000001100000101299
1	011111110000001100000011000000110000001100000010391
1	011111110000001100000010010100110000010000000010391
1	0111111100000011000000000000001174
1	0111111100000010612
1	0111111100000010602
1	0111111100000010359
1	0111111100000010266
1	011111110000001000000010299
1	011111110000001000000010000000100000001000000010391
1	011111110000001000000001299
1	0111111100000001602
1	0111111100000001266
1	011111110000000101111111000001000000010000000100391
1	011111110000000100000001299
1	011111110000000100000001000000010000000100000001391
1	011111110000000100000001000000010000000100000000391
1	011111110000000100000001000000000000000000000001391
1	01111111000000010000000065
1	011111110000000100000000391
1	0111111100000001000000000000000074
1	0111111100000000000001000000010000000100391
1	011111110000000000000011299
1	011111110000000000000010299
1	0111111100000000000000010000000100000001391
1	011111110000000000000001000000010000000100000000391
1	01110111554
1	011101110111111165
1	011101110111111101111111359
1	011101110111111100000000299
1	0111011101110111266
1	011101110111011119
1	01110111011101110111011165
1	01110111011101010111011165
1	011101110111010000000000299
1	011101110100111165
1	0111011101001111602
1	01110111010011116
1	01110111000001116
1	011101110000011119
1	0111011100000111000001110111111100000011391
1	0111011100000111000001110111111100000001391
1	0111011100000101391
1	011101110000010100000000000000000000000000000000391
1	0111011100000011580
1	0111011100000011299
1	011101110000001119
1	011101110000001101110111612
1	011101110000001000000010299
1	011101110000000165
1	011101110000000101110111000001110000011100000001391
1	011101110000000100000000000000000000000000000000391
1	01110111000000000111111101111111359
1	01110111000000000000011165
1	011101110000000000000111299
1	01110111000000000000001065
1	011101110000000000000010299
1	011101100100010001110000010100100100000000000010391
1	0111011000000010000000010000000100000001391
1	01110101580
1	01110101554
1	0111010100000111299
1	01110101000000000000000065
1	011101000111011100000000299
1	011101000000010000000000299
1	011101000000000000000000299
1	011100010000000165
1	011100000111010065
1	0111000001100000299
1	0111000000000100299
1	0111000000000001299
1	01110000000000000111010101110101359
1	011100000000000000000100299
1	01100000580
1	01100000575
1	01100000571
1	0110000019
1	011000000101000065
1	0110000001010000602
1	01100000010100006
1	01100000000000000110000065
1	0110000000000000000000000000000074
1	0101111100000000580
1	0101111100000000391
1	01010111580
1	010101110000010001111111011111110111111100000101391
1	010101110000010000000111000001010000010100000101391
1	01010111000000100101001100000001391
1	01010110000001000100101065
1	01010101000000006
1	01010100000000016
1	01010011580
1	0101001100000010338
1	0101001100000001338
1	01010011000000010100101065
1	010100110000000100000001334
1	01010010359
1	01010010224
1	0101001001010010642
1	010100100000000100000000299
1	010100100000000065
1	0101001000000000642
1	01010000359
1	01010000348
1	01010000224
1	0101000001100000359
1	01010000010100006
1	0101000001010000580
1	0101000001010000266
1	010100000100010001110000010100100100000000000010391
1	01010000000001006
1	0101000000000000299
1	0101000000000000266
1	01001111578
1	010011110111011100000000299
1	0100111100000101359
1	0100111100000000359
1	0100101101111111299
1	0100101100000101359
1	0100101100000000359
1	01001010575
1	0100101001001010222
1	010010100000000101111111299
1	010000100000001065
1	01000000578
1	01000000571
1	01000000554
1	01000000348
1	01000000338
1	0100000001100000000000000110000074
1	0100000001010000391
1	0100000001000000580
1	0100000001000000391
1	0100000000000010299
1	01000000000000006
1	01000000000000000111000001110000359
1	01000000000000000100000065
1	0010000000000000299
1	000100000000000000000000299
1	0000100000000010299
1	000010000000000000000010299
1	0000011101111111612
1	0000011101111111359
1	0000011101111111299
1	000001110111111100000000299
1	00000111011101110111011165
1	000001110111011100000101000001000000010000000100391
1	000001110111010165
1	000001110000011101010011000000000000010100000010391
1	000001110000011100000001000000010000000100000111391
1	000001110000011100000000299
1	000001110000011100000000000000000000000000000000391
1	0000011100000101602
1	0000011100000100612
1	000001110000010000000111312
1	000001110000010000000111299
1	00000111000001000000011100000101391
1	000001110000010000000000000000000000000000000000391
1	00000111000000106
1	0000011100000010338
1	000001110000001000000111312
1	00000111000000100000001165
1	000001110000001000000011299
1	000001110000000100000101299
1	000001110000000100000011299
1	0000011100000000000000000000000074
1	0000011065
1	00000110578
1	00000110571
1	00000110338
1	000001100111111100000000299
1	00000110000000100000000065
1	000001010111111100000000299
1	000001010111011165
1	0000010101110111391
1	0000010101110111299
1	000001010111011100000001359
1	0000010101110100299
1	00000101000001110000001165
1	000001010000010101010111000000000000011100000100391
1	000001010000010100000101312
1	0000010100000101000001010000010100000100307
1	0000010100000101000001010000010100000100301
1	0000010100000101000001010000010100000001307
1	0000010100000101000001010000010100000001301
1	00000101000001010000010100000100326
1	000001010000010100000101000001000000010100000100391
1	00000101000001010000010100000001326
1	0000010100000100602
1	0000010100000100580
1	0000010100000100266
1	00000101000001000000011100000101391
1	00000101000001000000010165
1	000001010000010000000101299
1	000001010000010000000000307
1	0000010100000011359
1	0000010100000010359
1	000001010000001001110111299
1	00000101000000100000011165
1	0000010100000001602
1	0000010100000001580
1	0000010100000001266
1	000001010000000101111111299
1	0000010100000001000000100000001000000010391
1	000001010000000100000001000001010000010100000100391
1	000001010000000100000000307
1	0000010100000000580
1	0000010100000000391
1	0000010100000000359
1	00000101000000000111011165
1	00000101000000000000010165
1	00000101000000000000000165
1	0000010100000000000000000000000074
1	000001000111111100000000299
1	000001000111010065
1	000001000111010000000000299
1	00000100011100000111010065
1	0000010000000111299
1	0000010000000111266
1	0000010000000111000000000000000074
1	0000010000000101639
1	0000010000000101266
1	0000010000000101000001000000010000000100327
1	0000010000000101000001000000000100000001327
1	000001000000010000000111299
1	000001000000010000000101309
1	0000010000000100000001006
1	000001000000010000000100334
1	0000010000000011639
1	00000100000000116
1	000001000000001100000000299
1	0000010000000010266
1	0000010000000001266
1	000001000000000101111111299
1	0000010000000000359
1	00000100000000000000010000000010326
1	0000001101111111299
1	000000110111011165
1	00000011000001000000011165
1	0000001100000011000000000000001174
1	000000110000001000000111299
1	00000011000000100000001165
1	00000011000000010000001165
1	000000110000000100000011299
1	00000011000000010000001100000100333
1	00000011000000010000001100000100326
1	00000011000000010000001100000001333
1	00000011000000010000001100000001326
1	0000001100000000359
1	00000011000000000000000165
1	0000001060
1	00000010011111110111111165
1	00000010011111110000000065
1	000000100100101001111111299
1	0000001000000111266
1	0000001000000101299
1	000000100000010100000000299
1	000000100000010065
1	0000001000000011602
1	0000001000000010639
1	0000001000000010108
1	000000100000001001110111299
1	00000010000000100000011165
1	000000100000001000000011299
1	000000100000001000000010334
1	0000001000000001639
1	0000001000000001359
1	00000010000000000100101065
1	000000100000000000000100299
1	000000100000000000000010299
1	00000010000000000000001000000010333
1	00000010000000000000001000000010326
1	00000010000000000000000074
1	00000001306
1	00000001011111110000000065
1	000000010111011101110111612
1	000000010100101000000001299
1	0000000100000101639
1	0000000100000101338
1	000000010000010119
1	000000010000010100000101612
1	0000000100000100266
1	000000010000010019
1	0000000100000100000000000000000074
1	0000000100000011639
1	0000000100000011359
1	0000000100000011338
1	0000000100000010266
1	000000010000001001110111299
1	00000001000000100000000065
1	000000010000000100000011299
1	0000000100000001000000010000000100000001301
1	000000010000000100000000556
1	000000010000000100000000307
1	0000000100000001000000000000000174
1	0000000100000001000000000000000074
1	00000000565
1	000000001000000065
1	0000000010000000474
1	000000001000000010000000299
1	000000000111111101001010299
1	000000000111111100000001391
1	0000000001111111000000000000000065
1	0000000001110111578
1	0000000001110111266
1	00000000011101110111011165
1	0000000001110111000001110000011100000011391
1	0000000001110111000001110000011100000001391
1	0000000001110101578
1	0000000001110101299
1	0000000001110101266
1	00000000011101000111010065
1	000000000111010000000000299
1	000000000110000065
1	0000000001100000602
1	000000000110000001100000612
1	000000000110000001010000299
1	00000000010100106
1	00000000010100006
1	0000000001010000526
1	0000000001010000299
1	0000000001010000000000000000000065
1	0000000001001111000000000000010165
1	0000000001001111000000000000000065
1	0000000001001011000000000000010165
1	0000000001001011000000000000000065
1	0000000001001010612
1	00000000010010100000000000000000266
1	0000000001000000602
1	0000000001000000391
1	000000000100000001000000612
1	00000000010000000100000001000000359
1	0000000001000000000000000100000074
1	0000000001000000000000000000000065
1	00000000000001110000000000000000299
1	0000000000000110359
1	00000000000001100000010065
1	0000000000000101578
1	000000000000010100000101000001010000010100000101391
1	00000000000001010000000165
1	000000000000010100000000526
1	0000000000000101000000000000010174
1	0000000000000101000000000000001165
1	0000000000000100578
1	000000000000010001110111299
1	00000000000001000000011065
1	000000000000001100000000526
1	00000000000000110000000000000000299
1	000000000000001000000010299
1	0000000000000010000000100000001074
1	000000000000001000000001299
1	0000000000000010000000000000001074
1	0000000000000010000000000000000165
1	00000000000000010000000165
1	000000000000000100000001642
1	000000000000000100000001299
1	0000000000000001000000010000000065
1	0000000000000001000000000000000165
1	0000000000000000348
1	0000000000000000108
1	000000000000000010000000299
1	0000000000000000011111116
1	000000000000000001111111359
1	00000000000000000111011101110111359
1	000000000000000001100000299
1	000000000000000001010000299
1	000000000000000001001011474
1	000000000000000000000101474
1	00000000000000000000010100000000266
1	000000000000000000000100474
1	00000000000000000000001100000000266
1	0000000000000000000000010000000165
1	0000000000000000000000005
1	0000000000000000000000000111111101111111612
1	00000000000000000000000001001111266
1	00000000000000000000000001001011299
1	00000000000000000000000000000101299
1	00000000000000000000000000000100333
1	00000000000000000000000000000100326
1	00000000000000000000000000000100299
1	00000000000000000000000000000001299
1	00000000000000000000000000000000602
1	000000000000000000000000000000006
1	00000000000000000000000000000000359
1	0000000000000000000000000000000000000111299
1	0000000000000000000000000000000000000101299
1	00000000000000000000000000000000000001000000000000000000299
1	0000000000000000000000000000000000000010299
1	000000000000000000000000000000000000000000000000612
