83433	00000000299
56088	000000000000000000000000299
27275	0000000000000000299
26878	0000000065
22535	0000000000000000612
19746	0000000000000000266
18844	000000006
18747	00000000338
13681	000000000000000065
12115	00000000526
7387	00000000000000006
6959	10101010299
6303	00000100299
5538	299
5273	0000000000000000334
4669	0000000019
4415	0000000000000000338
4309	00000000612
4124	00000000474
3801	0000000000000000526
3787	0000000000000000000000006
3361	00000000578
2917	101010100000000000000000299
2600	01100011299
2547	000001000000000000000000299
2537	0000000000000000222
2447	0000000000000000474
2294	1010101065
2262	00000000580
2159	0000000000000000602
2131	0000000000000000642
2012	0000000000000000000000000000000000000000299
1995	01000000299
1889	00001000299
1645	0000010000000000266
1639	00000000224
1634	011000110000000000000000299
1552	00010000299
1532	00000000101010106
1487	00000001299
1487	0000000000000100000001000000000065
1479	0000010000000100224
1475	1010101010101010642
1472	1010101000001000299
1454	10000000299
1420	10101010224
1418	10101010359
1375	1000100010101010299
1310	010000000000000000000000299
1195	0000000000000000598
1182	000100000000000000000000299
1132	00100000299
1121	00000010299
1059	000000010000000000000000299
1029	000010000000000000000000299
965	00000000000000000000000065
907	01000001299
900	00000000000000000000000000000000612
834	0010001010101010299
827	0110001101100011299
797	00000000602
793	100000000000000000000000299
788	0101000001110011338
772	00000000359
758	11101011299
739	0000000000000000580
732	0000010101100011338
732	00000000348
724	00000000000000000000000000000000299
718	0010100010101010299
689	1000001010101010299
684	000000100000000000000000299
649	00000000575
649	0000000000000000224
645	0000000000000000359
637	001000000000000000000000299
630	10101010101000001010101065
615	10101010000010101010101065
609	11111111299
603	000010006
576	000000000001010000000000299
571	01000011299
566	0001010000000100299
566	000000000000000000000000327
560	000000000000000000000000612
552	1010101010101010612
548	0000000000000000000000000000000000000000327
532	01100110299
520	010000010000000000000000299
498	111010110000000000000000299
471	74
448	0111001165
447	000000000000000019
435	0110011165
417	011000000000000000000000299
415	111111110000000000000000299
414	10001000299
413	01100000299
409	0110001165
380	010000110000000000000000299
371	011001100000000000000000299
360	0000101010101010299
360	0000000000000000578
356	010000006
345	1010000010101010299
340	01110011299
340	011100110000000000000000299
340	0011000001100011299
340	000000000000010000000000299
321	011000116
319	0000000000000000000000000000000065
315	1110101165
311	00000000571
310	00001000526
306	1111111100000000266
298	0000001101100011299
298	000000000000000000000000555
294	000000016
292	0110011000000000266
292	000001006
286	0000010000000100299
281	000100006
276	11111111612
272	000000000000000001000000299
268	0000010101000011338
264	0100000065
264	0001010011101111338
262	0000100000000000266
262	000000000000000000000100299
260	11100011299
258	1000000011000001338
258	000000000000000000010000299
257	011000110110001165
253	00000000554
248	00001100299
246	0000100000000000299
242	0000010000000000299
242	000000000000000000000001299
235	0100000001000000612
233	1110101111101011299
232	0000010000000100612
231	0100000000000000299
231	000000000010010000000000299
230	1111111165
227	00000000000000000000000019
224	10101010580
224	101010100000000000001000299
224	0000000000001000299
223	1111111111111111299
222	000000000000000000001000299
220	000011000000000000000000299
217	0001000000010000612
216	0100000111101011338
215	30
215	000000000000000010000000299
212	11000000299
211	0110011001100110299
210	01100110612
207	1000010000000100299
207	000000001000010000000000299
206	110000000000000000000000299
206	0000000100000001612
204	0000110000001000299
204	000000000000000000000000338
202	0010010000000100299
201	0000001000000000266
200	0000000165
198	0100010000000100299
198	000000000100010000000000299
197	0100000101000000299
195	1000000000000000266
194	0100000101000001299
192	1100000010000000299
191	0100001101000001299
191	0000010065
190	0110001101000011299
188	0001000065
186	00010000474
184	00000010526
178	0010000000000000266
178	00001000474
177	00100000526
176	111000110000000000000000299
176	10000000526
173	000000000000000000000010299
172	0000000000000100299
171	1010101010101010359
169	10101010001010001010101065
169	0000100000001000612
168	0100000111100011338
168	000000000000000000000000474
167	1111111119
167	11011001299
167	101010100000100000000000556
163	000000000000000000100000299
156	10101010100000101010101065
156	00000011299
156	0000001100000010299
156	000000110000000000000000299
155	000000001101100165
152	1110001165
150	1000000000000000299
150	0000000000001000474
149	0110000001000000299
148	0100000000000000266
147	00110000299
147	0011000000100000299
147	001100000000000000000000299
147	0000000100000000266
145	0010000000000000299
143	43
143	0001000000000000266
142	0100011165
142	0010000001100000338
136	11000001299
135	0100000165
132	0000000001000000299
131	0000000000000000000000000000000074
130	110000010000000000000000299
130	1000000101000001299
129	010000016
129	000000000000000000000000326
128	1100000165
128	01100001299
128	011000010000000000000000299
128	0110000001000001299
128	0010000001100001338
126	011000000000000065
126	0000001101000011299
125	100000006
125	0000001000000000299
124	01100000359
123	0110000000000000299
122	0110000019
122	0110000000000000602
121	11111111453
121	1111111111111111612
121	0000000000000001299
120	1111111111111111532
120	109
120	000000106
119	000000000000000000000000602
118	00000010474
117	1000000010000000612
117	0000001000000010612
117	0000000000010000299
115	1010101000000000299
115	00000000334
114	10101010100000101000100065
114	10101010001010001000100065
114	10001010299
114	10000000474
112	00100000474
112	00000000000000000000000000000000109
111	11111111359
111	111111111111111100000000299
111	0000000011111111299
111	000000001111111111111111612
111	000000000000000011111111299
110	1010101010101010602
110	10101010101010106
110	1010101010101010266
110	1010101000000000342
110	101010100000000000000000338
110	0110011019
110	0000000010101010338
110	00000000000010000000000000000000299
107	001000006
107	0010000000100000612
106	01100110359
106	011001100110011000000000299
106	00010000526
106	0000000001100110299
106	000000000110011001100110612
106	000000000000000001100110299
104	0000000010000000299
103	00000101000000110111001165
103	00000100000001000111001165
102	639
102	01000001110000000111001165
102	00000001000000010111001165
102	00000000108
101	00010100000011000111001165
101	00010000000100000111001165
100	01010000001100000110011165
100	01000000010000000110011165
99	0000000000000010299
99	0000000000000000639
97	000000000000000068
95	0000010000000000222
94	00010100000011000110011165
94	00010000000100000110011165
94	00001000224
93	000000000000100065
93	0000000000000000556
92	1110001101100011299
92	01000001110000000110011165
92	00000001000000010110011165
91	000001010000000000000000299
91	00000000000000000000000000000000474
90	11101111299
90	111010116
90	010000000000000065
90	0000000000010000526
89	111011110000000000000000299
89	000000000000000000000000526
88	01010000001100000111001165
88	01000000010000000111001165
88	0000110011101011299
86	10101010612
84	111111110000000065
84	1111111100000000602
84	000010000000000065
84	0000000000100000299
83	01100110453
83	0110011001100110612
83	0110011001100110532
83	000010000000100065
83	0000000000000010474
81	1111111111111111642
81	000000000001000000000000299
81	0000000000001000602
81	000000000000000100000000299
80	1110101111100011299
80	011001100000000065
80	0110011000000000602
80	00000101000000110110011165
80	00000100000001000110011165
80	0000000000100000474
79	000000000100000000000000299
79	000000000000000000000000266
78	000001000000010065
77	00000000000000000000000000000000266
75	000100000000010000000000299
75	0000100000001000299
75	0000000010000000474
74	100000001000000065
73	1100000111000001612
73	00001000612
72	1100000011101011299
72	0000000000000000000000000000000000000000326
71	000000100000001065
70	0000000119
70	0000000100000000299
70	000000001000000000000000299
70	000000000000100000000000299
69	0001000000000000299
68	1000000010101010299
68	0000000000000000000010000000000000000000299
67	000000000000001000000000299
66	1101100100000000299
66	0100001165
66	0001000019
66	0000010019
66	0000010000000100266
66	000000010100000000000000299
66	000000000000000000000000224
65	01110110299
65	010000010100000065
65	0000100065
65	00000100580
65	000001000000000100000000299
64	010000010100000165
64	01000000580
64	000100000001000000000000338
64	000011010000100019
64	0000100000001000000000000000000074
64	0000100000000000602
64	000001000000010000000000338
64	00000001580
64	000000010000000100000000338
64	00000000010000000000000000000000299
64	00000000000001000000000000000000299
63	111010111110101165
63	010000116
63	010000110100000165
63	0100000019
63	010000000001000000000000299
63	001000000010000065
63	00010100000011001110101165
63	00010000000100001110101165
63	00000000000100000000000000000000299
62	100010000000000000000000299
62	1000000065
62	011000110100001165
62	010000000100000000000000338
62	00010000580
62	000000000010000000000000299
62	0000000000000100266
62	0000000000000001266
60	01000001110000001111111165
60	00000001000000011111111165
60	0000000001000000266
60	0000000000010000266
60	00000000000000010000000000000000299
59	110110010000000000000000299
58	11101110299
58	01000000474
57	10101010602
57	10101010571
57	10101010348
57	10101010101010100000000000000000299
57	10101010100010001000100065
57	10101010100000101000000065
57	10101010001010000000100065
57	10101010000010101000101065
57	1010101000000000612
57	00010100000011001111111165
57	00010000000100001111111165
57	000000001010101019
57	0000000000000000101010100000000000000000299
56	11101110612
56	1100000011100011299
55	1111111100000000299
55	0000010100000101612
55	000000000000110000000000299
54	101010101111111165
54	00000000000000005
54	000000000000000000000000581
53	100000000010000000000000299
53	0110011001100110642
52	1111111110101010299
52	1110111065
52	1110111019
52	101010101110111065
52	0110011010101010299
52	0110011000000000299
51	01010000299
51	00000100474
51	0000001065
51	0000001000000010299
48	1000000010000000299
48	01000000526
48	0010000065
48	0010000000100000299
48	00000001474
47	0000110000000100299
47	00000000100000000000000000000000299
47	000000000000000000000000642
46	00000000000000100000000000000000299
45	00000101299
44	011101100000000000000000299
42	00000000001000000000000000000000299
41	1010101000001000101010100000000000000000327
39	010000000100000065
39	00010100000011001110001165
39	00010000000100001110001165
39	00000100526
37	100010100000000000000000299
37	1000100010001000299
37	0111011001110110299
37	00100100299
37	001001000000000000000000299
36	0000010111101011338
36	00000101000000110100011165
36	00000100000001000100011165
35	1111111100000000580
35	1000100065
35	100000001000000000000000299
35	010100000000000000000000299
35	0100000001000000266
35	00000100348
35	00000100000000006
34	111011100000000000000000299
34	01010000001100000100011165
34	01000000348
34	01000000010000000100011165
34	00000101000000111100000165
34	00000100000001001100000165
34	00000001348
34	000000000000000000000000000010000000000000000000299
34	000000000000000000000000000000100000000000000000299
33	00010000000000006
33	000000011101100165
33	0000000100000001266
33	000000000000000000000000100000000000000000000000299
32	01000001110000001100000165
32	01000001110000000100011165
32	01000000000000006
32	001000001010101065
32	00010100000011001100000165
32	00010100000011000100011165
32	00010000348
32	0001000000010000266
32	00010000000100001100000165
32	00010000000100000100011165
32	000001000000010000000000299
32	00000001526
32	00000001000000011100000165
32	00000001000000010100011165
32	00000001000000006
32	000000000000000000000000001000000000000000000000299
31	1101100100010000299
31	1101100100000001299
31	001001000000010000000100299
31	0000100001000000299
31	0000100000000100299
31	0000100000000010299
30	01101011299
30	01010000001100001100000165
30	01000001110000001110101165
30	01000001110000001110001165
30	01000000010000001100000165
30	000100001101100165
30	0000100000100000299
30	000000101010101065
30	00000001000000011110101165
30	00000001000000011110001165
30	000000010000000100000000299
29	1100000100000001299
29	1100000100000000299
29	1000101010001010612
29	100000011000000000000000299
29	100000010010000000000000299
29	000010000000001000000000299
29	000000011000000000000000299
28	111111111010101000000000299
28	11111111000000011111111100000001391
28	11101110602
28	11101110580
28	1110111011101110642
28	111000116
28	111000110110001165
28	1101000111010001612
28	1100000100010000299
28	01001000299
28	010000000100100065
28	000001000000110065
28	000000011111111100000000299
28	000000001111111100000000299
28	000000000000000000000000222
27	11111111602
27	11111111580
27	11111111348
27	11111111011000000000100065
27	11111111000000000000000065
27	00100100000001000000000065
27	0000000000000000555
26	111111111010101011111111299
26	11111111000100001111111100010000391
26	111111110000100011111111299
26	1110111165
26	11101110348
26	111011101010101000000000299
26	11101110011000000000100065
26	11101110000000000000000065
26	1101100111011001299
26	10101010001000101010101065
26	101010100000100011111111299
26	101010100000100011101110299
26	100000001010101065
26	0111011065
26	01110110612
26	0111011000000000266
26	01100110000001000110011000000100391
26	000100001111111100000000299
26	000010001010101065
25	526
25	111011100000100011101110299
25	01100110010000000110011001000000391
25	000010000000010000000000299
25	0000010165
24	111010111110001165
24	011001101010101011101110299
24	0110011000000000580
24	01010110299
24	01010100299
24	0101000011111011338
24	010000000110011000000000299
24	0001010001101111338
24	000001000110011000000000299
24	000000000110011000000000299
22	11110110299
22	100000000000000065
22	00101000299
22	000100000001000065
22	0000000001000000526
22	000000000000000000000000359
21	00000010578
21	00000010571
21	00000010338
21	000000010000000165
21	0000000000000000000000000000100065
20	1111101165
20	00001000578
20	00001000571
20	00001000338
20	00000110299
20	0000000000001000359
20	000000000000010100000000299
19	1101100110000000299
19	1101100100001000299
19	10000000578
19	10000000571
19	10000000338
19	010101000000000000000000299
19	000001100000000000000000299
19	00000001602
19	0000000010000000602
19	0000000010000000359
18	110110011000000000000000299
18	110110010000100000000000299
18	110110010000000100000000299
18	10101000299
18	1010100010101000612
18	100000001101100165
18	011010110000000000000000299
18	010101100000000000000000299
18	0101000065
18	00010100299
18	000101000000000000000000299
18	000100000000000065
18	0000100000010000299
18	000001000000100000000000299
18	000001000000000065
18	0000000001000000602
18	0000000000010000602
18	0000000000001000526
18	0000000000000010602
18	0000000000000010526
18	0000000000000010359
18	0000000000000000000000001000000065
18	000000000000000000000000000001000000000000000000299
18	0000000000000000000000000000001065
17	1101100165
17	110110010001000000000000299
17	110110010000000165
17	1101100100000000266
17	1000000000000000000000000000000074
17	01000000602
17	01000000571
17	01000000359
17	010000001000000000000000299
17	0100000000000000000000000000000074
17	00100000578
17	00100000571
17	00100000338
17	00010000359
17	00010000224
17	0001000000000000000000000000000074
17	000011000000010065
17	000010001101100165
17	0000100000000000000000000000000074
17	00000101000000110110000165
17	00000101000000110110000065
17	00000100602
17	00000100578
17	00000100571
17	00000100359
17	00000100338
17	00000100224
17	00000100000001000110000165
17	00000100000001000110000065
17	0000010000000000000000000000000074
17	000000100000000065
17	00000001359
17	000000010000001000000000299
17	000000010000000065
17	0000000060
17	0000000010000000000000001000000074
17	0000000000000100602
17	0000000000000100526
17	0000000000000100359
17	0000000000000100000000000000010074
17	0000000000000010000000000000001074
17	00000000000000000000000000000010299
16	11011001612
16	110110010000000000000001299
16	100010001000000065
16	100000000000100000000000299
16	0111111165
16	0110011000000010299
16	0101000001000000299
16	01010000001100000110000065
16	010010000100000065
16	01000001110000000110000165
16	01000001110000000110000065
16	01000000578
16	01000000338
16	01000000224
16	01000000010000000110000065
16	001010000010000065
16	001000000000100000000000299
16	001000000000001000000000299
16	001000000000000065
16	0010000000000000000000000000000074
16	000110000001000065
16	00010100000011000110000165
16	00010100000011000110000065
16	00010000602
16	00010000578
16	00010000571
16	00010000338
16	000100000100000000001000299
16	000100000010000000000000299
16	00010000000100000110000165
16	00010000000100000110000065
16	0001000000000000359
16	000010100000001065
16	000010010000000165
16	0000100010000000299
16	0000100000000001299
16	000000101000000000000000299
16	000000100110001165
16	0000001001100011334
16	0000001001100011299
16	000000100010000000000000299
16	00000001578
16	00000001571
16	00000001338
16	00000001224
16	000000010100000010000000299
16	00000001000000010110000165
16	00000001000000010110000065
16	0000000100000000359
16	0000000100000000000000000000000074
16	0000000010000000526
16	0000000001000000359
16	0000000001000000000000000100000074
16	0000000000100000602
16	0000000000100000526
16	0000000000100000000000000010000074
16	0000000000010000359
16	0000000000010000000000000001000074
16	0000000000010000000000000000000065
16	0000000000001000000000000000100074
16	0000000000000001602
16	0000000000000001526
16	0000000000000001359
16	0000000000000001000000000000000174
16	0000000000000001000000000000000065
16	0000000000000000532
16	00000000000000000000000010000000299
16	000000000000000000000000010000000000000000000000299
16	00000000000000000000000000100000299
16	000000000000000000000000000100000000000000000000299
16	00000000000000000000000000001000299
16	000000000000000000000000000000010000000000000000299
15	1111111110000000299
15	111111111000000000000000299
15	1111111100010000299
15	110110011101100100000000299
15	110110010001000065
15	100000001111111100000000299
15	0110011001000000299
15	011001100000001000000000299
15	01010000001100000110000165
15	01000000010000000110000165
15	000010001000000000000000299
15	000010000010000000000000299
15	00000101338
15	000001010000010000000000299
15	0000010000000000359
15	000000100000101065
15	0000001000000000000000000000000074
15	0000000059
15	00000000453
15	00000000100010106
15	000000000111011000000000299
15	0000000000100000359
15	0000000000000100000000000000000065
15	0000000000000001578
15	0000000000000000000000000010000065
14	111111110000100000000000299
14	111111110000000165
14	1111111100000001602
14	1111111100000001299
14	1111111100000001266
14	111111110000000100000000299
14	111111110000000000000000391
14	110110010000000000010000299
14	1100100111001001612
14	1100000110000000299
14	1100000100001000299
14	101010000000000000000000299
14	1000100010001000612
14	0110101101100011299
14	010100000101000000000000299
14	010000001000000000100000299
14	0100000000000000359
14	001000000110001165
14	0010000001100011334
14	0010000001100011299
14	001000000010100065
14	000010001111111100000000299
14	000010000100000000000000299
14	000010000000000001000000299
14	000010000000000000000100299
14	000001001000000000000010299
14	000000100110011000000000299
14	000000000100100065
14	0000000001000000578
14	0000000001000000000000000000000065
14	000000000010100065
14	0000000000010000578
14	000000000000110065
14	0000000000000100578
14	000000000000000000000000328
13	111111110001000065
13	1111111100010000602
13	1111111100010000266
13	111111110001000000000000299
13	1111111100001000299
13	111101100000000000000000299
13	01110110359
13	0111011019
13	011101100111011065
13	011101100111011001110110299
13	011101100111011000000000299
13	011001100100000065
13	0110011001000000602
13	0110011001000000266
13	011001100100000000000000299
13	0110011000100000299
13	011001100010000000000000299
13	011001100000010065
13	0110011000000100602
13	0110011000000100299
13	0110011000000100266
13	011001100000010000000000299
13	0100000001000000299
13	001000000110011000000000299
13	00011000299
13	00001010299
13	000001010000010000000100299
13	0000001001100011224
13	000000100110001100000000299
13	0000000001110110299
13	000000000111011001110110612
13	000000000101000065
13	000000000000101065
13	0000000000000000391
13	000000000000000001110110299
12	11111111000000000000000000000000391
12	1111111100000000000000000000000000000000391
12	11111011299
12	11011000299
12	10001010580
12	1000101010001010642
12	100010100000100000000000556
12	100010100000000000001000299
12	100000001110101165
12	1000000011101011334
12	1000000011101011299
12	1000000011101011224
12	0111011000000000299
12	0101010065
12	0101000001010000299
12	001000000110001100000000299
12	000001110000000000000000299
12	0000001111101011299
12	000000100000010000000000299
12	000000000111011065
12	0000000001000000474
12	000000000001000065
12	0000000000000000328
11	1110101101101011299
11	100000001110101100000000299
11	01100111299
11	0110000065
11	0010001010001010299
11	001000000000010000000000299
11	000101000000010000000100299
11	000010001110101165
11	0000100011101011334
11	0000100011101011299
11	0000100011101011224
11	000010001110101100000000299
11	00000111299
11	00000101000001000000000065
11	000000010000010000000000299
10	111110110000000000000000299
10	11110111299
10	1111011065
10	11100111299
10	1101100119
10	110110011101100165
10	11010000299
10	110000001100000000000000299
10	1000101065
10	10000100299
10	100001000000000000000000299
10	1000001010001000299
10	100000000000010000000000299
10	011101100000000065
10	0111011000000000602
10	01110110000000006
10	01100110000000000000000000000000391
10	01100100299
10	0110000001100000612
10	0101011001010110299
10	0101010001010000299
10	010000000000010000000000299
10	0010000001100011224
10	000110000000000000000000299
10	0000101010001000299
10	0000100001011000338
10	000001010000010100000000338
9	65
9	1111011011110110299
9	10001010359
9	10001010224
9	1000101010001010359
9	1000101000001000299
9	10000010299
9	011001100000000000000000391
9	01010000001100001110111165
9	0101000000000000299
9	01000000612
9	01000000010000001110111165
9	00010100000001000000000065
9	000011000000010000000100299
9	00000101000000111111111165
9	00000101000000111111101165
9	00000101000000111110111165
9	00000101000000111110101165
9	00000101000000111110001165
9	0000010100000001299
9	00000100000001001111111165
9	00000100000001001111101165
9	00000100000001001110111165
9	00000100000001001110101165
9	00000100000001001110001165
9	00000001612
9	0000000011011001299
9	0000000000000000000001010000000000000000299
8	79
8	11110110612
8	110110000000000000000000299
8	10101000580
8	1010100010101000359
8	101010000000000000001000299
8	10000000612
8	01101111299
8	011011110000000000000000299
8	011001110000000000000000299
8	01011000299
8	010110000000000000000000299
8	0101011065
8	01010110612
8	0101011000000000266
8	0101000001010000612
8	01000100299
8	010001000000000000000000299
8	0011000011101011299
8	0010100010001000299
8	0001100001010000299
8	0000110001101011299
8	000011000000010000000000299
8	0000101010001010299
8	000001100000010000000000299
8	000001000111011000000000299
8	000000001101100111011001612
8	000000001101100100000000299
8	000000001100000065
8	000000000000000011011001299
8	000000000000000000000000109
7	1111111100000000391
7	111101110000000000000000299
7	1111011019
7	111101101111011000000000299
7	111001110000000000000000299
7	11011001359
7	110110011101100111011001299
7	110100000000000000000000299
7	1100000011000000299
7	1100000000000000299
7	1000101010001010602
7	100010001111111065
7	1000001010000010612
7	100000100000000000000000299
7	1000000019
7	0110101165
7	0110011000000000000000000000000000000000391
7	011001000000000000000000299
7	01100000338
7	0110000000000000266
7	0001000000010000299
7	0001000000010000224
7	00001100000001000000000065
7	0000010100000100299
7	000001000000001000000000299
7	000000000110000065
7	0000000000000101299
6	1111111065
6	11111110612
6	11111110299
6	1111111019
6	111101101000000000000000299
6	1111011000000000266
6	1110011100000000266
6	110110010000000065
6	1101100065
6	11011000612
6	11010000612
6	1100000065
6	101010000000100000000000556
6	10001010100010106
6	1000101010001010266
6	1000101000000000342
6	1000101000000000299
6	100010100000000000000000338
6	100000001000000000000000338
6	0111011010001000299
6	0111011001110110642
6	01110110011000000000000065
6	011101100010000000000000299
6	011101100000010000000000299
6	011101100000001000000000299
6	0110001101100011612
6	01010000001100001111111165
6	01010000001100001110101165
6	01010000001100001110001165
6	0101000000000000266
6	01000001110000000111111165
6	01000000010000001111111165
6	01000000010000001110101165
6	01000000010000001110001165
6	010000000100000000000000299
6	0010100000101000612
6	001000000111011000000000299
6	00010100000011000111111165
6	00010000000100000111111165
6	0000100019
6	000010001000100065
6	000001100000000100000000299
6	000000100111011000000000299
6	00000001000000010111111165
6	0000000010001010338
6	0000000001100000299
6	000000000000001065
5	1111011100000000266
5	11100110612
5	1101100100000000602
5	1100000000000000266
5	10111000299
5	10001010001010001000100065
5	10001000612
5	10001000602
5	1000100010000000299
5	1000100000001000299
5	100001000100000000000000299
5	100001000000010000000000299
5	100000001111011065
5	100000001111011000000000299
5	01100111612
5	0110011100000000266
5	0110010000000000266
5	001010000000000000000000299
5	000010000000100000000000299
5	0000011165
5	00000101612
5	000001011000000000000000299
5	0000010100000000266
5	00000100000001000000000065
5	000000001111011065
5	000000001100000000000000299
5	00000000101010006
5	000000000101011000000000299
5	000000000101000000000000299
5	0000000000000000100010000000000000000000299
5	0000000000000000100000000000000000000000299
5	000000000000000000000101299
5	000000000000000000000000575
4	1111111100000100011101100111011000000100391
4	1111111100000001580
4	111111101000100000000000299
4	11111011612
4	1111101119
4	11110111612
4	1111011000000000299
4	1110111000000000266
4	11100111612
4	1110011065
4	11100110299
4	1101100111011001642
4	1101100110101010299
4	11011001011000000000000065
4	11011001000000006
4	1101100019
4	1101100011011000299
4	1101100000000000266
4	1101000065
4	1101000011010000299
4	1101000000000000266
4	1100000019
4	1011100010111000612
4	101110000000000000000000299
4	101010101111101165
4	1010100010101000602
4	10101000101010006
4	1010100010101000266
4	1010100000001000299
4	1010100000000000342
4	1010100000000000299
4	101010000000000000000000338
4	10001000580
4	100010000000000000001000299
4	10000010580
4	10000000602
4	100000001110001165
4	1000000011100011334
4	1000000011100011299
4	1000000011100011224
4	100000001101100100000000299
4	100000001000100065
4	100000000110001100000000299
4	0111011010000000299
4	0111011000000100299
4	0111011000000010299
4	01101110612
4	011010116
4	011010110110001165
4	01101000612
4	0110011011101110299
4	01100100612
4	01010110359
4	0101011019
4	010101100101011065
4	010101100101011001010110299
4	010101100101011000000000299
4	0101011000000000299
4	01010100612
4	0101010001010100299
4	0101010000000000266
4	010100006
4	0101000019
4	010100000100000065
4	010001000010000000000000299
4	010001000000010000000000299
4	010000000111011000000000299
4	010000000101011000000000299
4	001001000001000000000000299
4	001001000000010000000000299
4	001000000111011065
4	0010000001100011108
4	000101000000100000000000299
4	000101000000010000000000299
4	000100001101100100000000299
4	000100001101000000000000299
4	000010001110001100000000299
4	0000011001010100299
4	0000011000000100299
4	000001016
4	00000101526
4	0000010100000000222
4	000001000111011065
4	000001000101010065
4	000001000101010000000000299
4	000000100111011065
4	0000001001010110338
4	0000001000000100299
4	000000011101100100000000299
4	0000000100000001299
4	0000000011110110299
4	000000001100000165
4	0000000010101000338
4	000000000101011065
4	0000000001010110299
4	000000000101011001010110612
4	0000000000000101526
4	0000000000000000597
4	000000000000000001100000299
4	000000000000000001010110299
3	11111110602
3	11111110580
3	11111110453
3	11111110348
3	1111111011111110642
3	1111111011111110612
3	1111111011111110532
3	11111110011000000000100065
3	111111100000100011111110299
3	11111110000000000000000065
3	111111100000000000000000299
3	1111011111110111299
3	11110110359
3	111101101111011065
3	111101101111011011110110299
3	111010110110101165
3	1110011111100111299
3	110111010000010065
3	1101100100000100299
3	110110000000100000000000299
3	110100000001000000000000299
3	10111010299
3	101110000000000065
3	1010100010101000642
3	10001010612
3	10001010571
3	10001010348
3	10001010100010100000000000000000299
3	10001010100000101000100065
3	10001010100000101000000065
3	10001010001010000000100065
3	1000101000001000100010100000000000000000327
3	1000101000000000612
3	1000100010001000359
3	100010000000100011111110299
3	100010000000100000000000556
3	1000001010000010359
3	100000100000000000001000299
3	10000001299
3	10000000580
3	10000000348
3	1000000010000000266
3	011101101000100011111110299
3	011101100100000000000000299
3	0110011119
3	0110011101100111299
3	0110011000000000391
3	01100100453
3	0110010001100100612
3	0110010001100100532
3	0110010001100100299
3	011000006
3	01100000453
3	0110000001100000642
3	0110000001100000532
3	0110000001100000299
3	011000000110000000000000299
3	010101100100000000000000299
3	010101100000001000000000299
3	010101100000000065
3	0101011000000000602
3	01010110000000006
3	010101000000010000000000299
3	010100000101000065
3	01010000010100000101000065
3	01010000001100001111101165
3	0100000001000000642
3	01000000010000001111101165
3	001000000100000000000000299
3	00011000526
3	0001100000010000299
3	00001000602
3	000010001101100100000000299
3	000010001101100000000000299
3	00000111612
3	000001110000011165
3	0000011100000111612
3	0000011100000000266
3	00000101571
3	000001000001000000000010299
3	000001000000010165
3	000000101110101100000000299
3	0000001001100011108
3	000000100101011000000000299
3	000000100000010065
3	00000000642
3	000000001111011011110110612
3	000000001111011000000000299
3	000000001101100000000000299
3	0000000011000001612
3	0000000011000000612
3	0000000011000000299
3	0000000010111000602
3	000000001000101019
3	000000001000000065
3	00000000011000006
3	0000000001010000299
3	0000000000000111299
3	0000000000000100474
3	000000000000000011110110299
3	00000000000000000000000074
3	00000000000000000000000001000000299
3	0000000000000000000000000000000000000000474
3	000000000000000000000000000000000000000000000000474
2	11111111111111116
2	1111111110001010299
2	1111111110000000580
2	1111111101000000011101100111011001000000391
2	1111111101000000010101100101011001000000391
2	111111110010001011011001000100001101100100010000391
2	111111110010001011011001000000011101100100000001391
2	1111111100010000580
2	1111111100001000100000001000000010000000391
2	1111111000010000580
2	11111011602
2	11111011580
2	11111011348
2	1111101111111011642
2	111110111010101000000000299
2	11111011011000000000100065
2	11111011000000000000000065
2	1111101065
2	11111010612
2	11111010299
2	1111101019
2	11110111359
2	1111011119
2	111101111111011100000000299
2	11110110580
2	1111011011110110642
2	1111011010000000299
2	11110110011000001000000065
2	11110110011000000000000065
2	111101100000000065
2	1111011000000000602
2	11110110000000006
2	11101111612
2	1110111119
2	1110111011101110612
2	1110101065
2	11101010612
2	11101010299
2	1110101019
2	11100111359
2	1110011119
2	111001111110011100000000299
2	1110011110101010299
2	111001110000000065
2	1110011100000000602
2	1110011019
2	111001100000000000000000299
2	1101111065
2	11011110612
2	11011110299
2	1101111019
2	110110011010101011111011299
2	110110010100000065
2	1101100101000000299
2	11011000359
2	1101100011011001299
2	110110001101100065
2	1101100011011000642
2	110110001101100011011000299
2	110110001101100000000000299
2	1101100010101010299
2	11011000011000000000100065
2	1101100000000001299
2	110110000000000065
2	1101100000000000602
2	11011000000000006
2	1101100000000000299
2	11010000359
2	1101000019
2	1101000011011000299
2	110100001101000065
2	110100001101000011010000299
2	110100001101000000000000299
2	1101000010001000299
2	1101000000001000299
2	1101000000000000299
2	11000010612
2	1100001010101010299
2	110000011000000000000000299
2	11000000612
2	11000000359
2	1100000011010000299
2	110000001100000065
2	110000001100000011000000299
2	11000000011000000000000065
2	1100000000010000299
2	1100000000000001299
2	110000000000000065
2	1100000000000000602
2	10111000474
2	101110000001000000000000556
2	10101010526
2	101010101111101065
2	101010100000100011111011299
2	10101000571
2	10101000348
2	10101000101010000000000000000000299
2	10101000100000101000000065
2	10101000001010000000100065
2	1010100000000000612
2	101010000000000000010000299
2	10001010474
2	100010101111111165
2	100010100000000065
2	100010001101111065
2	1000100010001000602
2	10001000100010006
2	1000100010001000266
2	10001000100000101000100065
2	10001000001010001000100065
2	1000100000000000342
2	1000100000000000299
2	100010000000000000000000338
2	1000001010000010642
2	1000001010000010602
2	10000010100000106
2	1000001010000010266
2	1000001010000000299
2	1000001000000000342
2	1000001000000000299
2	100000100000000000000000338
2	1000000100000001299
2	100000010000000000000000299
2	10000000359
2	1000000011000000299
2	100000000110011065
2	1000000000000001299
2	10000000000000006
2	0111011011110110299
2	01110110011000000010000065
2	01110110011000000000010065
2	01110110011000000000001065
2	0111011001000000299
2	0111011000100000299
2	011101100000010065
2	0111011000000100602
2	01110110000001006
2	011011101010101011101110299
2	0110111001100110299
2	0110100065
2	01101000299
2	0110100019
2	01100111359
2	011001110110011100000000299
2	0110011065
2	0110011010000000299
2	01100110011001106
2	011001100000000000000000000000000000000000000000391
2	01100100359
2	0110010019
2	011001000110010000000000299
2	01100011000000006
2	01100000612
2	01100000578
2	01100000011000006
2	011000000110000019
2	011000000100000000000000299
2	0110000000001000299
2	0101100065
2	0101011010001000299
2	0101011001110110299
2	01010110011000000000000065
2	0101011001010110642
2	0101011001000000299
2	0101011000100000299
2	010101006
2	01010100359
2	0101010019
2	0101010001010110299
2	010101000101010065
2	010101000101010001010100299
2	010101000101010000000000299
2	010101000101000065
2	0101010000000010299
2	0101010000000000299
2	01010000612
2	01010000359
2	01010000011000000000000065
2	0101000001010100299
2	010100000101000001010000299
2	01010000001100000101100065
2	0101000000000100299
2	010100000000000065
2	0101000000000000602
2	01010000000000006
2	01000101299
2	010001010000000000000000299
2	010000100110011000000000299
2	010000001111111165
2	010000000111011065
2	010000000101011065
2	0100000001010000299
2	0100000001000000602
2	01000000010000006
2	0100000001000000334
2	01000000010000000101100065
2	010000000001000000100000299
2	0100000000000010359
2	00101000580
2	0010100000000000299
2	001001000110011000000000299
2	0010010000000000299
2	001000001110101165
2	0010000011101011334
2	0010000011101011299
2	0010000011101011224
2	001000001110101100000000299
2	0001100000001000299
2	000100001111011100000000299
2	000100001101000065
2	000100000101000065
2	0001000001010000334
2	0001000001010000299
2	000100000100000000000000299
2	00001000580
2	000010001101100065
2	000010000110100065
2	000010000110011000000000299
2	00001000011000000000000065
2	00001000000110000110000065
2	000010000001000000000000299
2	0000100000001000642
2	00000111602
2	0000011119
2	0000011100000111642
2	0000011100000111338
2	0000011000000101299
2	00000110000000006
2	0000011000000000266
2	00000101602
2	00000101580
2	00000101108
2	0000010101000000612
2	0000010100010000612
2	000001010000011000000000299
2	0000010100000000612
2	000001001000000000000000299
2	000001000110010000000000299
2	0000010001010100334
2	0000010001010100299
2	000001000100000000000000299
2	0000010000100000359
2	000001000001000000000000299
2	0000010000000101299
2	000000101110101165
2	0000001011101011334
2	0000001011101011299
2	0000001011101011224
2	000000101000101065
2	000000100101011065
2	0000001000000010338
2	0000000111011001612
2	000000010110011100000000299
2	000000010110011065
2	0000000100000001642
2	00000001000000016
2	00000001000000000000000065
2	0000000011110111299
2	000000001111011111110111612
2	000000001110111065
2	0000000011101110299
2	000000001110111011101110612
2	0000000011100111299
2	000000001110011111100111612
2	0000000011011001612
2	000000001101100065
2	0000000011011000299
2	000000001101100011011000612
2	000000001101000065
2	0000000011010000299
2	000000001101000011010000612
2	000000001101000000000000299
2	000000001100000011000000612
2	000000001010100019
2	00000000100010006
2	0000000010001000338
2	0000000010000010338
2	0000000010000000266
2	0000000001100111299
2	000000000110011101100111612
2	0000000001100100299
2	000000000110010001100100612
2	0000000001100000266
2	000000000110000001100000612
2	000000000101100065
2	000000000101010065
2	0000000001010100299
2	000000000101010001010100612
2	000000000101010000000000299
2	000000000101000001010000612
2	000000000100000001000000612
2	0000000001000000000000000000001065
2	000000000010000065
2	0000000000010000474
2	000000000000100000001000612
2	000000000000011000000000299
2	000000000000010165
2	0000000000000101474
2	000000000000010100000101612
2	0000000000000100000000000010000065
2	000000000000001001000000299
2	000000000000001000010000299
2	0000000000000000554
2	0000000000000000333
2	000000000000000011110111299
2	000000000000000011101110299
2	000000000000000011100111299
2	000000000000000011011000299
2	000000000000000011010000299
2	000000000000000011000000299
2	000000000000000001100111299
2	000000000000000001100100299
2	000000000000000001010100299
2	000000000000000001010000299
2	0000000000000000000100000000000000000000299
2	0000000000000000000001110000000000000000299
2	0000000000000000000000010000000000000000299
2	000000000000000000000000571
2	00000000000000000000000000010000299
2	0000000000000000000000000000010065
1	539
1	474
1	111111111000101011111111299
1	111111111000101000000000299
1	111111110010001011011000000000011101100000000001391
1	11111111000100001111011100010000391
1	11111111000100001110011100010000391
1	11111111000100001110011065
1	11111111000100000100000065
1	111111110000100011101111299
1	111111110000010001010000010100000101010000000100391
1	111111110000010001010000010100000101000000000100391
1	111111110000010000000100391
1	111111110000001000000010391
1	111111101000000000000000299
1	111111100010100011000000000100001100000000010000391
1	111111100010001011011000000000011101100000000001391
1	111111100000100011011110299
1	1111111000000000580
1	1111111000000000000000000000000000000000391
1	111110110000100011111011299
1	111110110000100011111010299
1	11111010602
1	11111010580
1	11111010348
1	1111101011111010642
1	111110101010101000000000299
1	11111010011000000000100065
1	111110100000100011101010299
1	11111010000000000000000065
1	111110100000000000000000299
1	1111011111111111299
1	1111011111110111642
1	111101110001000065
1	1111011100010000602
1	1111011100010000266
1	111101110001000000000000299
1	1111011100001000299
1	111101110000000065
1	1111011100000000602
1	1111011100000000299
1	11110110602
1	11110110554
1	11110110526
1	11110110348
1	111101101000000065
1	1111011010000000602
1	11110110100000006
1	111101101000000011110110299
1	11110110011000000000100065
1	11110110000000000000000065
1	11101111602
1	11101111580
1	11101111348
1	1110111111101111642
1	11101111011000000000100065
1	111011110000100011111011299
1	11101111000000000000000065
1	111011100000001000000000299
1	111011100000000001100110299
1	11101010602
1	11101010580
1	11101010348
1	1110101011101010642
1	11101010011000000000100065
1	111010100000100011101110299
1	11101010000000000000000065
1	111010100000000000000000299
1	1110011111110111299
1	1110011111100111642
1	111001111010101011101111299
1	111001111000000000000000299
1	1110011100010000299
1	1110011100000000299
1	11100110359
1	11100110348
1	111001101111111165
1	1110011011100110642
1	111001101000000011100110299
1	111001101000000000000000299
1	11100110011000000001000065
1	111001100100000065
1	11100110000000000000000065
1	11011110602
1	11011110580
1	11011110348
1	1101111011011110642
1	110111101000100000000000299
1	11011110011000000000100065
1	110111100000100011011000299
1	11011110000000000000000065
1	110111100000000000000000299
1	11011001580
1	11011001554
1	11011001110110011101100165
1	110110011000000065
1	11011001011000001000000065
1	11011001011000000001000065
1	11011001011000000000100065
1	11011001011000000000000165
1	110110010101000065
1	1101100100010000602
1	11011001000100006
1	110110010000100065
1	1101100100000001602
1	11011001000000016
1	110110010000000119
1	11011001000000001111011011110110359
1	11011000602
1	11011000580
1	11011000348
1	110110001010101011111010299
1	11011000011000000000000065
1	110110000000100011111111299
1	11011000000000000000000065
1	1101000011010000642
1	11010000011000000001000065
1	11010000011000000000000065
1	1101000001010000299
1	110100000001000065
1	1101000000010000602
1	11010000000100006
1	110100000000000065
1	1101000000000000602
1	11010000000000006
1	1100001011000000299
1	110000010000000165
1	110000010000000100000000299
1	110000010000000019
1	11000000580
1	11000000554
1	1100000011000000642
1	1100000011000000612
1	11000000110000001100000065
1	110000001010101011101010299
1	110000001000000000000000299
1	11000000000000006
1	1011101010111010612
1	10111010000000006
1	10111000526
1	1011100010111000602
1	10111000100010106
1	101110000001000000000000338
1	1011100000000000602
1	10111000000000006
1	1011100000000000266
1	101010101110111165
1	101010101110101065
1	101010100000100011111010299
1	101010100000100011101111299
1	101010100000100011101010299
1	10101010000010001010101000000000333
1	10101010000010001010101000000000326
1	1010101000000000556
1	10101000612
1	10101000359
1	10101000224
1	10101000100000101000100065
1	10101000001010001000100065
1	1010100000001000101010000000000000000000327
1	10100000011000000110000065
1	10100000011000000101100065
1	10100000011000000101011065
1	10001010602
1	10001010526
1	100010101011100065
1	10001010100010001000100065
1	100010100000100011111111299
1	1000101000000000602
1	1000101000000000266
1	10001000571
1	10001000348
1	100010001101100065
1	1000100010001000642
1	10001000100010000000000000000000299
1	10001000100000101000000065
1	10001000001010000000100065
1	100010000000100011011110299
1	100010000000100011011000299
1	1000100000001000100010000000000000000000327
1	1000100000000000612
1	10000100578
1	10000100571
1	10000100338
1	100001001111011000000000299
1	10000010571
1	10000010359
1	10000010348
1	10000010224
1	100000101111011000000000299
1	10000010100000100000000000000000299
1	10000010001010000000100065
1	1000001000000000612
1	100000010000000100000000299
1	10000001000000006
1	1000000100000000299
1	10000000224
1	100000001111111165
1	100000001111111065
1	100000001110011100000000299
1	100000001110011065
1	1000000011100110266
1	100000001101100100000000359
1	100000001100000065
1	100000001100000000000000299
1	10000000100000010110000065
1	1000000010000000642
1	1000000010000000602
1	10000000100000006
1	100000001000000010000000299
1	10000000100000000110000065
1	10000000100000000101100065
1	10000000100000000101011065
1	1000000010000000000000001000000074
1	100000000110101100000000299
1	10000000011000000100000065
1	100000000101000000000000299
1	10000000010010011000000065
1	10000000010000011000000065
1	1000000001000000299
1	100000000100000000000000299
1	100000000001000000000000299
1	1000000000010000000000000000000074
1	100000000000100011110110299
1	100000000000010065
1	100000000000010000000101299
1	1000000000000010359
1	100000000000001001000000299
1	100000000000000165
1	100000000000000100000000299
1	10000000000000000000000065
1	01110110011000000100000065
1	011101100100000065
1	0111011001000000602
1	01110110010000006
1	01101000602
1	01101000580
1	01101000348
1	0110100001101000642
1	0110100001100000299
1	01101000011000000000100065
1	011010000000100011110110299
1	011010000000100001101000299
1	011010000000100000000000299
1	01101000000000000000000065
1	011010000000000000000000299
1	0110011111100111299
1	011001111110011011100110612
1	0110011110000000299
1	0110011101100111642
1	01100111011000000001000065
1	0110011101000000299
1	011001110100000019
1	011001110100000001100111612
1	011001110000000165
1	0110011100000001602
1	0110011100000001266
1	011001110000000100000000299
1	011001110000000065
1	0110011100000000602
1	0110011100000000299
1	01100110602
1	01100110580
1	01100110348
1	0110011011100110299
1	011001101110011019
1	0110011001100111299
1	01100110011000000000000065
1	01100110010000001000000065
1	01100110010000000000000165
1	011001100010100011000000000100001100000000010000391
1	0110011000000001299
1	01100110000000000000000065
1	0110010001100110299
1	0110010001100100642
1	01100100010000000110011001000000391
1	011001000000010065
1	0110010000000100602
1	0110010000000100266
1	01100100000001000110010000000100391
1	011001000000010000000000299
1	0110010000000010299
1	011001000000000065
1	0110010000000000602
1	0110010000000000580
1	0110010000000000299
1	01100100000000000000000000000000391
1	01100011612
1	01100011526
1	01100011474
1	0110000165
1	0110000119
1	01100001011000000000010165
1	01100000602
1	0110000060
1	01100000575
1	01100000571
1	01100000526
1	01100000334
1	01100000224
1	0110000001100100299
1	011000000110000065
1	011000000100000065
1	0110000001000000602
1	0110000001000000010000000100000001000000391
1	011000000010000000000000299
1	0110000000000100299
1	01100000000001000110000000000100391
1	011000000000000100000001299
1	0110000000000000639
1	01100000000000006
1	0110000000000000580
1	0110000000000000011000006
1	011000000000000000000000391
1	010101101000100011011110299
1	01010110011000000100000065
1	01010110011000000000001065
1	010101100100000065
1	0101011001000000602
1	01010110010000006
1	01010100011000000000010065
1	01010100011000000000000065
1	0101010001010100642
1	0101010001010100612
1	010101000000010065
1	0101010000000100602
1	01010100000001006
1	010101000000000065
1	0101010000000000602
1	01010100000000006
1	01010000580
1	010100001000100011011000299
1	0101000001010000642
1	010100000100000000000000299
1	01010000001100000101011065
1	010010000000000100000000299
1	010001010010000000000000299
1	010001010000010000000000299
1	01000000110110010100000065
1	01000000100100000100000065
1	01000000100000001100000065
1	010000000101010000000000299
1	010000000101000065
1	010000000101000000000000299
1	010000000100000165
1	0100000001000001334
1	0100000001000001299
1	0100000001000001108
1	010000000100000100000000299
1	0100000001000000224
1	0100000001000000108
1	01000000010000000101011065
1	010000000100000001000000299
1	0100000001000000000000000000000074
1	01000000010000000000000000000000299
1	0100000000100000299
1	0100000000010000299
1	01000000000010000100100065
1	010000000000010000000101299
1	010000000000000100000000299
1	0100000000000000342
1	01000000000000000000000065
1	010000000000000000000000338
1	00101000571
1	00101000348
1	0010100000101000642
1	0010100000101000602
1	00101000001010006
1	0010100000101000266
1	00101000001010000000000000000000299
1	0010100000001000299
1	0010100000000000612
1	0010100000000000342
1	001010000000000000000000338
1	00100000011000001100000165
1	00100000011000000110000065
1	001000000101010000000000299
1	001000000100001100000000299
1	001000000100000065
1	000110000001000000000000299
1	00011000000000006
1	0001010000000000299
1	00010000612
1	00010000110110011101100165
1	000100001000000000000000299
1	0001000001010000224
1	0001000001010000108
1	000100000101000000000000299
1	00010000010000000101000065
1	0001000000010000642
1	0001000000010000000000000000000074
1	000100000000100000000000299
1	0001000000000000602
1	000011010000100000000000299
1	000011010000000019
1	0000110000000000299
1	00001000554
1	00001000359
1	00001000348
1	0000100011011001266
1	00001000110110011101100165
1	000010000110101165
1	0000100001101011334
1	0000100001101011299
1	0000100001101011224
1	000010000110001100000000299
1	000010000110000000000000299
1	00001000000110000101100065
1	000010000001000065
1	000010000000110165
1	0000100000001000266
1	00001000000010001101100111011001359
1	000010000000100001101000299
1	00001000000010000000100065
1	000010000000100000001000299
1	000010000000100000000000359
1	00001000000000006
1	000010000000000000001000299
1	00001000000000000000000065
1	00000111580
1	00000111575
1	00000111562
1	00000111526
1	00000111474
1	00000111348
1	00000111011000000000000065
1	00000111000001116
1	000001110000011100000000299
1	00000111000001016
1	000001110000010100000001299
1	000001110000000100000000299
1	0000011100000000222
1	000001110000000000000111299
1	00000111000000000000000065
1	00000110578
1	00000110571
1	00000110338
1	000001100110011000000000299
1	0000011000000000299
1	00000101575
1	00000101474
1	000001010001000065
1	000001010000100019
1	0000010100000111222
1	0000010100000101642
1	0000010100000100000001016
1	000001010000000165
1	0000010100000000359
1	0000010100000000299
1	000001010000000019
1	000001010000000000001000299
1	0000010100000000000000000000000074
1	0000010001010100224
1	0000010001010100108
1	000001000101000000000000299
1	0000010000000101108
1	00000010612
1	00000010602
1	00000010348
1	0000001019
1	000000101110111065
1	000000101100000000000000299
1	0000001010000000000000001000000074
1	000000100110011065
1	0000001001100110299
1	000000100100001165
1	0000001001000011334
1	0000001001000011299
1	0000001001000011224
1	000000100100000100000000299
1	0000001001000000000000000000000074
1	000000100000100000000000299
1	00000010000001100110000065
1	00000010000001100101100065
1	000000100000010165
1	0000001000000101299
1	0000001000000010266
1	0000001000000010000000000000001074
1	00000010000000006
1	000000100000000001100110299
1	000000011000000065
1	00000001011000000100000065
1	000000010100100000000000299
1	000000010100000165
1	0000000101000001334
1	0000000101000001299
1	0000000101000001224
1	000000010000011165
1	000000010000010100000001299
1	000000010000000100000001299
1	00000000567
1	00000000562
1	0000000011110110578
1	0000000011110110474
1	0000000011110110266
1	000000001110011100000000299
1	0000000011011001578
1	0000000011000000578
1	0000000011000000266
1	00000000110000001100000065
1	000000001100000011000000359
1	000000001011101065
1	0000000010111010602
1	000000001011100065
1	00000000101110006
1	0000000010111000526
1	0000000010111000299
1	00000000101110001011100065
1	0000000010101010474
1	000000001010101000000000526
1	0000000010001010639
1	0000000010001010602
1	0000000010001010526
1	0000000010001010299
1	00000000100010101000101065
1	000000001000100019
1	0000000010000100359
1	00000000100000106
1	000000001000001019
1	000000001000000100000000299
1	000000001000000019
1	000000001000000010000000612
1	0000000010000000000000000000001065
1	00000000011000116
1	0000000001100000642
1	0000000001100000639
1	0000000001100000602
1	0000000001100000359
1	0000000001010000612
1	0000000001010000578
1	0000000001010000266
1	00000000010100000101000065
1	0000000001000000338
1	000000000100000019
1	0000000001000000010000000110000001000000391
1	0000000000101000338
1	000000000010100019
1	000000000001100000000000299
1	00000000000100006
1	00000000000010006
1	0000000000001000578
1	0000000000001000266
1	000000000000100019
1	000000000000100001101000299
1	000000000000100000001000359
1	000000000000100000001000299
1	0000000000001000000000000000000074
1	000000000000011100000111299
1	0000000000000110359
1	0000000000000101602
1	000000000000010119
1	0000000000000101000000000000000074
1	00000000000001010000000000000000299
1	0000000000000100000001000000011165
1	0000000000000100000001000000010165
1	000000000000001000000100299
1	000000000000001000000001299
1	000000000000000165
1	000000000000000119
1	000000000000000100000001612
1	0000000000000000581
1	0000000000000000348
1	0000000000000000342
1	0000000000000000326
1	0000000000000000100010100000000000000000299
1	0000000000000000011000006
1	000000000000000001010000359
1	0000000000000000010000000000000000000000299
1	00000000000000000000100065
1	000000000000000000000101338
1	00000000000000000000010100000101612
1	0000000000000000000000100000000000000000299
1	0000000000000000000000005
1	000000000000000000000000391
1	00000000000000000000000001100000299
1	0000000000000000000000000100000065
1	00000000000000000000000000000100299
1	00000000000000000000000000000001299
1	00000000000000000000000000000000642
1	00000000000000000000000000000000602
1	000000000000000000000000000000006
1	00000000000000000000000000000000526
1	0000000000000000000000000000000010111010299
1	00000000000000000000000000000000000000100000000000000000299
1	0000000000000000000000000000000000000000526
1	0000000000000000000000000000000000000000391
1	000000000000000000000000000000000000000000000000612
