96450	0000299
65351	000000000000299
34268	00000000299
32535	000065
25162	00000000612
22661	0000526
21533	1111299
20429	00000000266
19384	00006
18665	0000338
16256	0100299
15682	111100000000299
14010	0000000065
7192	000000006
6744	00000000526
6067	011100000000299
5316	0000474
5092	000019
4987	00000000474
4814	11111111612
4744	00000000338
4697	111165
4493	010000000000299
4420	00001111299
4373	11111111299
4373	0000612
4226	299
3950	00000000334
3934	11110000266
3845	0000000000006
3695	0001299
3689	0111299
3494	0000578
3152	011165
3132	1111612
2885	00000000602
2847	00000000222
2713	01110000266
2659	00000000000000000000299
2592	0000580
2531	00000000642
2478	0000224
2366	111111110000299
2292	01110000299
2281	01000000266
2238	1000299
2177	0101299
2151	11116
2134	0010299
2053	00000111526
2037	000000001111299
1829	1111111165
1824	0000575
1784	74
1714	01000100224
1713	0111338
1643	000001000100000065
1643	00000000598
1548	111119
1498	1000474
1487	1111602
1429	11111111338
1410	000001110000222
1394	0110299
1363	00000000011100000000299
1336	000000000000222
1329	010101000000299
1329	010100000000299
1311	100000000000299
1306	011000000000299
1287	00000100299
1279	0000602
1277	000100000000299
1254	011001000111299
1213	1111580
1195	11110000299
1174	0000000000000000299
1139	0000111165
1094	001000000000299
1079	00001111526
1062	11111111642
1034	01000100612
1026	01116
1014	000000000000327
996	00000000000000000000327
993	00000000000065
991	000000000111338
941	1111526
938	01010100299
920	01110111612
915	011001110111338
903	010101010111338
849	1111474
841	1000526
811	01000100299
786	0111612
774	111111116
772	01006
756	00000000580
754	1111108
752	000000000111299
742	00000000359
724	0000359
721	000001010000299
710	00000000224
693	00001000526
688	00000000111100000000299
666	0000108
662	1001299
651	000011111111612
639	1111338
630	010065
584	000001000000299
571	0100526
561	000000000000612
560	111101000000299
557	11110100299
552	00001111602
545	1111348
510	11110001299
504	11110000000065
498	000000000000000074
494	011101116
487	000011110000299
486	0111554
485	0000000000000000612
484	0000000019
478	0100474
472	01000000299
470	111100006
468	100100000000299
453	11111000299
433	11110010299
422	0000348
419	0011299
413	011119
412	111100010111299
410	110100000000299
408	1101299
406	01100100299
401	1100299
394	000000000000000065
374	01011111299
370	00000000000000000111299
358	111100001111299
356	000000000000111165
348	1111000019
348	00000001299
345	00001111474
344	11110110299
342	0111580
340	11000100299
338	01010101612
327	001100000000299
321	010165
321	0000567
319	11110111222
314	11110110000065
312	111100100000299
311	0000010000000000299
310	00000010299
309	11111111111165
308	0101111165
308	000000000000555
306	011101100100011165
305	11110000222
304	00000000578
303	011101100100111165
300	011101110111338
294	100065
293	1111554
291	110000000000299
289	1111562
289	00001000299
288	111110000000299
284	111100010000299
284	001065
284	00000111299
283	010101011111338
282	000000000100299
280	0000554
279	000165
276	1111575
276	000001100000299
275	0000000011111111612
274	0000000100000000299
272	1111224
270	11110100010065
269	111111111111299
269	0001111165
267	11111111108
267	011101000111299
262	000011000000299
260	011101110111299
260	00000100602
257	0100010065
251	0100111165
247	0111578
246	01110111602
245	111101001111299
243	01000000222
242	11111001299
237	00010000299
232	01011111108
232	00010001612
231	00000000000019
230	01011111224
225	00000000010100000000299
223	1000111165
221	01100000299
217	11111111224
217	0001526
216	1111334
216	000011111111299
212	0000010065
210	0000334
209	0000001000000000299
202	10001111334
200	000000000001299
198	1010299
198	0000571
198	000000000000338
195	110165
195	0010111165
195	000000000000575
194	0000100000000000299
193	000000000010299
192	11110011299
191	111100000000000074
191	00100010612
187	11111100299
184	01010000299
183	01111111299
182	01100110299
181	111100011111299
180	11111111222
180	01100000266
179	11110000111165
178	1111578
173	000000000000474
171	00000001526
169	111101010000299
168	01010101299
164	000000000000010065
161	01000111222
161	000000000000526
159	10000000299
157	0111571
157	0100612
156	01110111222
156	010101000111299
153	111111110000000074
153	00000100474
152	00000100526
151	000000001000299
150	01110111299
150	011101000100111165
150	010101110111338
150	0100567
149	10001000612
148	111111110000111174
146	1111010065
146	00000110299
143	00100000299
143	00010001224
142	43
141	00000000010000000000299
138	1111111111116
138	00000000000000001111108
135	11110101299
135	10000000266
135	00000101299
134	0010526
133	01016
133	0100602
132	011065
132	00106
132	00100000266
132	00016
131	000000000101299
130	11111111602
129	639
129	000000000000326
128	11110000602
128	00010000266
127	00000000639
126	0110111165
125	0000100065
124	0110000065
123	109
122	11111111266
122	11111111000065
122	0110359
122	01010001299
122	0001474
122	000000001111338
122	000000000000602
121	00000001474
120	011019
120	01100000602
119	0000000000000000474
118	000011110000111174
117	0000111100000000299
116	10001000338
116	01110000222
115	00000111222
115	0000000000000000109
114	00000000001000000000299
113	00001001299
112	0111602
112	00110001299
112	0000000165
111	1111000165
111	01100010299
110	0000000000000111299
108	30
106	0100000065
105	10011111299
104	0001612
103	11011001299
103	0001602
102	11110000010065
102	1000612
102	0101338
102	00000000000100000000299
100	000000010000299
99	10001111299
99	01100110612
98	1011299
97	011101000100010065
97	0000000068
96	111101000111299
96	010000000000000074
96	0010474
94	11110100111165
93	10010101299
93	1000602
93	0010612
93	0010602
93	00000000556
92	111110001111299
92	1111010019
91	0000562
91	00000000100000000000299
90	011011116
90	01100110338
90	0110010001006
90	0100108
90	01000110266
90	010001006
90	0011612
90	000010000000299
89	1101338
89	101000000000299
88	10006
88	0000001065
88	00000001602
87	1111571
86	111101006
86	10010001299
85	1111000065
85	00000011299
84	1111000119
84	00000010474
83	000101000000299
82	011101000000299
81	11110110000165
80	1111359
80	01010000338
80	000000100000299
79	11110110010065
79	01110111642
79	010101010000338
79	0001010165
79	000000000110299
78	000000000000224
77	111100101111299
77	000000001101299
77	000000000000000000000000299
76	1111567
76	10010000299
76	00001100299
75	0110011065
74	111101100000299
74	11011111299
74	101100000000299
74	00011111108
73	10011000299
73	010000006
73	000001110111612
72	000001000000000074
72	0000000001010101612
72	00000000000000000000326
71	1111100065
71	1111010165
71	1111001065
71	00110000266
70	0000010100000000299
68	1001111165
67	11111101338
66	00010101299
66	00010001299
64	1111453
64	10010000266
64	10001101338
64	011110010000299
64	010001000000010074
64	00101111299
64	00001111266
63	11110110111165
63	100001000000299
63	0111348
63	00001111612
62	1111111119
60	11110101338
60	011101000100000065
60	01110000000065
60	0101580
60	0001000165
60	000011110000000065
60	000000000000266
59	00110010299
58	11111111532
58	00010000222
57	00001111359
57	000001000000010074
56	001165
55	1111011065
55	0000011065
55	00000101526
54	11000000299
54	00110000299
54	00011111299
54	000000005
54	000000000000581
53	1010111165
53	00000111338
52	1101111165
52	1100111165
52	011101110000299
52	010101010000299
52	01000100338
51	111111110000602
51	0111359
51	010100011111299
51	010100010000299
51	000111110000299
50	111111110000555
50	11110100010165
50	01100111222
50	0011111165
49	10101111299
49	100000001111299
49	0110612
49	0110602
49	010001000000299
49	000000000000642
48	11110001010165
48	10101000299
48	0101571
48	0011602
48	00100010642
48	0000110065
48	00000010526
47	01110100299
47	011101000100000165
47	00000000011000000000299
46	111101101111299
46	1111010111116
46	10000001299
46	0111000065
46	01110000602
46	010019
45	110065
45	010000100000299
45	010000001111299
45	0000000000000000266
44	1011612
44	000100011111299
43	01000100266
43	00111111299
43	00100110338
43	000111110000111174
42	10101111224
42	10101111108
41	111101000100010065
41	111100110000299
41	0101010065
41	001001000000299
41	0000100165
40	111111000000299
40	01100000222
40	0100011065
40	000000001001299
40	00000000000000001111299
39	1111110065
39	111110010000299
39	1111001165
39	011000001111299
39	010101006
39	000100001111299
39	00000010602
38	1111100165
38	1001612
38	1001602
38	10011001612
38	0110575
38	010111110000299
38	00100100299
38	00010101108
38	000011110000000074
38	00000010222
38	00000000100100000000299
37	100165
37	011100000111299
37	0110010001106
37	0110000165
37	010011110000000074
37	01000110299
37	01000110108
37	010001100000299
37	0100010165
37	0000011165
37	00000000110100000000299
36	111000000000299
36	110101010000338
36	10000100299
36	01101111299
36	0100580
36	00110111299
36	000000000000359
35	1101000165
35	10101101338
35	01111101299
35	01000101299
35	01000010266
35	00110011612
35	00000100266
34	11110101111165
34	11011101612
34	1101100165
34	1101010011016
34	01110110000065
34	01101101299
34	01100110224
34	01010101642
34	0100110165
34	01001101299
34	01001101108
34	010010010000299
34	001119
34	000001000100001065
33	1000000065
33	011100110000299
33	0100110065
33	0100011165
33	00000111474
32	1101224
32	11001111299
32	010101016
32	01001111108
32	00001111000065
31	111100010000000074
31	0111011165
31	011001000100299
31	01010101602
31	0100224
31	01001111224
31	000060
31	00001000474
31	000001000000000065
31	0000001165
30	11001100299
30	0111526
30	011101000100011065
30	011100000000328
30	010111111111338
30	010101001111299
30	0100010001006
30	001000001111299
30	000011110000222
30	00001101526
30	000001110000328
30	0000010165
30	000000000000328
29	111100000100299
29	101165
29	011001000000299
29	01010101224
29	010001001111299
29	00110011642
29	00100010338
29	000059
29	0000010119
28	1111011165
28	11101110612
28	101119
28	100001010000299
28	0101348
28	01010101266
28	0101010100000000299
28	01010000342
28	010100000000338
28	000110000000299
28	00000101338
27	526
27	111110100000299
27	111110011111299
27	111101000100111165
27	11110000580
27	100100001111299
27	100000010000299
27	011001110000338
27	01100100000065
27	00000000555
26	1100612
26	1100602
26	11001100612
26	01110111338
26	0101000065
26	0001011165
26	00000101612
26	00000101266
26	00000000532
26	00000000110000000000299
25	1011602
25	011101100000299
25	01110011299
25	0101526
25	00000000342
24	01111011338
24	010101000100299
24	01010000266
24	010000010000299
24	0011580
24	001000010000299
24	00011111224
24	000100010000299
24	000000000011299
24	00000000001100000000299
23	11111010299
23	111100111111299
23	100011111111299
23	0100578
23	0100571
23	0100338
23	010011110000299
23	010001110000299
23	00110011299
23	001019
23	00000100359
22	1111001019
22	11011101642
22	11001000299
22	0101010165
22	000001110000299
22	000000001100299
21	111111010000299
21	11110101266
21	11110101108
21	111101000100011165
21	1110299
21	01100101299
21	010111116
21	001011111111299
21	00010001108
21	0000453
20	111101000100000065
20	10111011642
20	100100010000299
20	1000000165
20	0111474
20	01111011299
20	01110010299
20	01110001299
20	011000006
20	01010100000065
20	0101000165
20	010001010000299
20	00111001299
20	00100010266
20	001000006
20	00100000338
20	00000000110165
20	0000000000001111299
19	111101000000000074
19	1101612
19	1011580
19	10111011612
19	10001000110165
19	01000101108
19	010001000000000074
19	010000010000000074
19	0010010065
19	000000000000010000000000299
18	11111111010065
18	11110010101065
18	1101602
18	110001000000299
18	10110000266
18	10100000299
18	100100006
18	100019
18	10000101299
18	01110110010065
18	011100010000299
18	0100334
18	01001111299
18	01001111266
18	01001111000065
18	010001000111299
18	00111100299
18	000010010000299
18	000001000100299
18	00000100000065
17	111111001111299
17	110100001111299
17	1000010165
17	0111224
17	011111011111299
17	011101010000338
17	0011348
17	001100011111299
17	0010010165
17	00100101299
17	000100010000000074
17	000000110011612
16	0010348
16	00001010299
16	000000001010299
15	11110111299
15	11110110001065
15	10101010299
15	0101612
15	00110100299
15	0010580
15	00100011299
15	0010001065
15	000101000000010074
15	00001000602
15	000000000000001000000000299
14	1100010065
14	110000011111299
14	1011348
14	10110000000065
14	0111111165
14	010011110000111174
14	01000100110165
14	001010000000299
14	0001001165
14	00010010299
14	00010001338
14	00000000328
13	111100000111299
13	111100000000000000000000391
13	1110575
13	11100000266
13	1000348
13	011100001111299
13	0110111065
13	0101474
13	010110000000299
13	01000111299
13	0010011165
13	0010001165
13	0010000065
13	000100000000000074
13	000000100000526
13	00000000391
13	0000000000100000266
13	000000000000100000000000299
12	1111100019
12	111101110000299
12	11101010299
12	11010101299
12	1011224
12	1011111165
12	10001010299
12	10001000266
12	100000006
12	01111111338
12	01110111532
12	011101110000338
12	011100010111299
12	01100111299
12	0100348
12	0010101065
12	00100010111165
12	00100010110165
12	001000100000338
12	000001100100111165
12	00000101602
12	00000101474
12	000000000000000100000000299
11	11110110100065
11	11101111299
11	110101010000299
11	110000001111299
11	10110110000065
11	101001000000299
11	10000000338
11	0111453
11	011100011111299
11	0101108
11	010010000000299
11	00100111338
11	001001010000299
11	001000101111299
11	000100100000299
11	000001010000000074
10	11111010338
10	1111010119
10	111101000100011065
10	111101000100000165
10	111100000000328
10	1100110065
10	1100010011006
10	1100000165
10	101101000000299
10	1001101165
10	10011011299
10	100100001011299
10	100010001111299
10	011100001011299
10	01101100299
10	011000010000299
10	010101100000299
10	01010101338
10	01001100299
10	01001100108
10	010011000000299
10	01000100011165
10	00111011299
10	00110110000065
10	001101000000299
10	00110000010065
10	001000000011299
10	000111111111299
10	000100000111299
10	000011110000328
10	000010000000000074
9	65
9	1111101065
9	111101011111299
9	111100000011299
9	111100000000391
9	11011111224
9	11011111108
9	110001000100299
9	101065
9	10001000299
9	011111110000299
9	01111000299
9	011101010000299
9	01110000338
9	0101567
9	01000101266
9	01000100011065
9	0011001065
9	001100100000299
9	001000100000556
9	001000000000000074
9	00010011108
9	0001001065
9	00001011299
9	000010111011612
9	000001100100011165
9	00000010266
9	000000001011299
9	00000000101000000000299
9	000000000101338
8	79
8	1101571
8	10011001299
8	10001000111165
8	10001000011065
8	100000000000000074
8	0110011165
8	0101602
8	01010101108
8	01000100111165
8	00111010299
8	0010571
8	00100010011065
8	001000010000000074
8	00100000222
8	0001100165
8	000101010000299
8	00010001110165
8	000001000100111165
8	000000110000299
8	000000000000109
7	11110110010165
7	111100100000000074
7	11110000338
7	1111000000000000391
7	111065
7	11011000299
7	11000100000065
7	101100001111299
7	10101010612
7	0111575
7	01110101299
7	011101000100001065
7	0111000165
7	011000011111299
7	010119
7	0101000019
7	010011111111299
7	00110000000065
7	0010578
7	0010338
7	00100111299
7	0001348
7	000119
7	000000010000000074
7	0000000000000000000000000000299
6	11111110266
6	111110110000299
6	1111101011116
6	11111010108
6	11010111299
6	10106
6	101011110000299
6	1010100065
6	10011111338
6	100010000000299
6	10000010299
6	011111111111299
6	011110111111299
6	01110110299
6	0110453
6	0110338
6	01100110532
6	010101110011338
6	01000100000065
6	00111000299
6	001100006
6	00101010108
6	001000100000000074
6	001000000111299
6	0001101065
6	00011010299
6	00010001266
6	00010001111165
6	0001000065
6	000100006
6	0000110165
6	0000101065
6	00001010526
6	000010100000299
6	0000101000000000299
6	00000010359
6	000000100000000074
6	00000000101100000000299
6	00000000011165
6	000000000000001065
6	0000000000000001299
5	111101000100299
5	11110000000000000000391
5	11010000338
5	1010612
5	101011116
5	10101010224
5	101010100000299
5	101001006
5	1001000165
5	10001111224
5	1000101165
5	1000101065
5	100000011111299
5	01110110001065
5	0111010065
5	0111010001116
5	011101000110299
5	011101000100299
5	0111001165
5	011100100000299
5	01110000580
5	010101010101555
5	010100000000000074
5	01000111108
5	010000110000299
5	001100010000299
5	001100001111299
5	00100010222
5	00011001108
5	00010101334
5	0000101165
5	00000011526
5	000000000000010165
5	000000000000000000000000474
4	11110100000065
4	1110453
4	11101110532
4	110111110000299
4	11011101299
4	110101100000299
4	1010602
4	10101001110165
4	10016
4	10001111108
4	10001000334
4	100001000000010074
4	100000100000299
4	01110111266
4	01110010222
4	011000100000299
4	0101554
4	01010101359
4	0101010019
4	01010000612
4	01010000222
4	010010000000000074
4	01000010222
4	010000100000000074
4	001101000100111165
4	00101111108
4	001001110000299
4	001001000000010074
4	001001000000000074
4	001000110000299
4	00100010602
4	00100010299
4	00100010011165
4	00011101299
4	00010011299
4	00010001011065
4	00001101602
4	000011010000299
4	00000000597
4	0000000001110111612
4	0000000000000000100000000000299
4	00000000000000000000391
3	1111110111116
3	11111001338
3	11110111338
3	11110101110165
3	1111010011110100391
3	111100100111299
3	1111000111116
3	1110101065
3	1110010011106
3	1110000165
3	11016
3	110111010000299
3	11011100299
3	1101011165
3	1101000065
3	110100006
3	11010000266
3	11000000266
3	10110110100065
3	10110000222
3	10101001011065
3	1010001065
3	10100010299
3	101000100000299
3	1001526
3	1001100165
3	100101006
3	1000580
3	1000224
3	100011110000299
3	10001011299
3	10001001011065
3	1000100065
3	10001000642
3	100010001011299
3	100001011111299
3	011110001111299
3	01110111359
3	0111011100000000299
3	01110100001065
3	01110100000065
3	011100100111299
3	01110000342
3	011100001000299
3	011100000000338
3	01106
3	01101110299
3	01100100011165
3	01100011299
3	01100000580
3	0110000000000000391
3	0101224
3	010111011100338
3	01010101010065
3	010101001101299
3	010100100000001074
3	010100001000299
3	0100111065
3	01001110299
3	01001110108
3	010010100000299
3	010000100000001074
3	0011453
3	00110110001065
3	001101000111299
3	00110011532
3	0010453
3	0010359
3	0010224
3	00101111224
3	001010000001299
3	00100010532
3	001000100111299
3	001000100011299
3	001000011111299
3	00100000602
3	0001110165
3	000110010000299
3	00010111222
3	00010101224
3	0000642
3	00001111578
3	000011010000222
3	0000110100000000299
3	00000111612
3	00000111266
3	0000011119
3	000001106
3	000001010101602
3	000001010000602
3	000001000100011165
3	000000106
3	00000010578
3	000000100100299
3	00000010001065
3	000000100001299
3	000000100000001074
3	000000100000000065
3	000000001110299
3	00000000010165
3	00000000000074
3	0000000000000100299
3	00000000000000000010299
3	0000000000000000001000000000299
3	00000000000000000000474
2	11111110338
2	11111101299
2	11111101222
2	11111100338
2	111110101111299
2	11111000612
2	1111100011111000391
2	111110001000391
2	111110000000556
2	111110000000338
2	111101111111299
2	11110100580
2	111101000100391
2	11110100010011110100391
2	111101000100101165
2	11110010580
2	1111001011110010391
2	1111000111110001391
2	111100010101299
2	11100000580
2	1101526
2	1101474
2	11011111338
2	1101108
2	110110000000556
2	110101006
2	11010000299
2	110001000100111165
2	10111010299
2	101110000000299
2	101100100111299
2	10101001011165
2	10100000266
2	101000001111299
2	1001100065
2	10010001224
2	10001000100065
2	10000110000065
2	100001000111299
2	100000010000000074
2	10000000602
2	10000000222
2	100000001000299
2	100000000010299
2	10000000000065
2	01111001299
2	0111011065
2	01110110010165
2	0111001065
2	01110010602
2	011100101111299
2	011100100011299
2	0111001000110010391
2	0111000000000000391
2	01110000000000000000391
2	01100110642
2	011001106
2	0110011019
2	0110001065
2	0101578
2	0101359
2	0101110165
2	0101011165
2	0101010001016
2	010101000000556
2	010100101111299
2	010100100000299
2	010100006
2	010100001111299
2	010100000100299
2	0100453
2	0100359
2	01001101266
2	01001010299
2	01001000299
2	01000101334
2	010001011111299
2	01000100532
2	01000100334
2	010001000010299
2	010001000000338
2	01000010299
2	010000101111299
2	01000000359
2	01000000338
2	0011578
2	0011571
2	0011338
2	001111111111299
2	001110001011299
2	00110110299
2	00110110010165
2	00110110000165
2	001101006
2	001101000100011165
2	001100110000299
2	00110010266
2	00110000580
2	001100000000391
2	00101111111165
2	001011110000299
2	00100110110165
2	00100110011065
2	001001011111299
2	001001000111299
2	001000100000299
2	00100000580
2	00100000359
2	00100000000000000000391
2	00010111108
2	000101100000299
2	000101010011299
2	000101000111299
2	00010001642
2	000100010111299
2	000100010011299
2	000011116
2	00001111111165
2	00001101299
2	00001100526
2	0000100011111000391
2	000010001000612
2	0000011100000000299
2	00000110266
2	000001016
2	000001010101612
2	00000011359
2	0000001100000000299
2	000000010000000174
2	00000000554
2	00000000333
2	0000000001000100612
2	000000000000571
2	000000000000391
2	0000000000000000391
2	0000000000000000010000000000299
2	0000000000000000000100000000299
1	539
1	474
1	111111110101299
1	11111101266
1	111111011111299
1	111111006
1	11111100266
1	11111000111111111000391
1	11111000108
1	11111000100001111000391
1	11111000011165
1	11111000010010000100391
1	111110000000000074
1	1111011100100010391
1	1111011011116
1	111101101111001000100010391
1	11110100602
1	1111010001110100391
1	111101000100001065
1	111101000010299
1	111101000000010074
1	11110011338
1	1111001001110010391
1	111100100010299
1	11110001108
1	111100010001391
1	11110000391
1	11110000359
1	1111000011111111359
1	111100001011299
1	111019
1	111011116
1	11101010224
1	111010100000299
1	11100110000065
1	111001006
1	111000100010391
1	111000010001391
1	1110000000000000391
1	11100000000000000000391
1	1101567
1	110111111111299
1	1101110165
1	11011101602
1	11011101338
1	11011101224
1	11011101108
1	1101110065
1	11011001338
1	1101100065
1	110110000000338
1	110110000000299
1	110101016
1	110101000000299
1	110100100000299
1	110100010000299
1	11010000602
1	110011116
1	110011111111299
1	11001100642
1	11001000224
1	110010000000299
1	110001006
1	110001000100110165
1	101101010111299
1	101100100011299
1	101100100000299
1	1010580
1	1010101165
1	10101011299
1	10101001111165
1	101001001111299
1	101000001011299
1	100111116
1	10011100299
1	100101000000299
1	100100100000299
1	100100011111299
1	1000578
1	1000571
1	1000562
1	1000554
1	1000359
1	1000338
1	10001111111165
1	100011110000111174
1	1000110165
1	10001100299
1	10001001110165
1	10001000224
1	100010001000299
1	100010000101299
1	100010000000359
1	100001110000299
1	100001001111299
1	100001000101299
1	100000100101299
1	100000100010299
1	1000000011111111359
1	100000000100299
1	0111562
1	0111111119
1	011111111111612
1	011111010000299
1	0111108
1	0111100019
1	01111000111165
1	0111100011111000391
1	011110001011299
1	011110001000391
1	01111000010010000100391
1	011110000000299
1	0111011119
1	011101110111612
1	011101110101299
1	01110110100065
1	01110110000165
1	011101016
1	011101011111299
1	011101010111299
1	011101010011299
1	011101010001299
1	01110100602
1	01110100266
1	011101000100100065
1	011101000010299
1	01110011338
1	0111001001110010391
1	011100011101299
1	011100010011299
1	011100010001391
1	011100000100299
1	011100000011299
1	011100000000391
1	011100000000000074
1	011060
1	0110580
1	0110578
1	0110567
1	0110526
1	0110334
1	0110224
1	011010001000391
1	011010001000299
1	011010000000299
1	01100010602
1	01100010222
1	011000101111299
1	01100010108
1	0110001001110010391
1	0110001001100010391
1	011000010111299
1	011000010001299
1	01100000639
1	0110000001106
1	0101575
1	01011111338
1	01011101108
1	010111010000299
1	01010111299
1	01010111222
1	010101110000011174
1	010101000000338
1	010101000000010074
1	01010011110165
1	01010011011165
1	01010011011065
1	0101001019
1	010100100111299
1	01010001108
1	010100010101299
1	010100010000000174
1	01010000602
1	01010000359
1	010100000111299
1	01001101222
1	010011010000299
1	0100101065
1	0100100065
1	01000111266
1	01000101224
1	01000100642
1	01000100108
1	010001000101299
1	01000100001065
1	010000100111299
1	010000100010391
1	010000100010299
1	010000011111299
1	010000010101299
1	01000000602
1	01000000580
1	010000000000391
1	00116
1	001101010011299
1	001101000100391
1	00110010224
1	001100010011299
1	00110000222
1	0010101165
1	001001010111299
1	001001001111299
1	001001000010299
1	001000106
1	00100010359
1	001000100000001074
1	0010001000000000299
1	00100001299
1	001000010001391
1	001000010000000174
1	00100000342
1	00100000000065
1	001000000000338
1	0001580
1	0001578
1	0001571
1	0001338
1	00011101224
1	00011101108
1	000111000000299
1	00011001224
1	000101110000299
1	000101010001299
1	000101001111299
1	00010011224
1	000100110000299
1	000100010101299
1	00010000338
1	00010000000065
1	000011111111359
1	00001101612
1	000011016
1	00001101266
1	00001101110165
1	0000110000000000299
1	000010101010612
1	00001001526
1	000010006
1	00001000578
1	00001000359
1	00001000266
1	0000100019
1	000010001000359
1	000010001000299
1	00000111602
1	000001116
1	000001110111299
1	00000110642
1	00000110639
1	00000110602
1	000001100110612
1	00000101010165
1	000001006
1	00000100578
1	000001000111299
1	000001000100391
1	000001000100101165
1	000001000100100065
1	000001000100010165
1	000001000100001165
1	000001000100000165
1	00000010612
1	00000010338
1	0000001019
1	0000001001100010391
1	000000100010612
1	000000100010391
1	000000100010299
1	00000001359
1	00000000581
1	00000000348
1	00000000326
1	000000001101338
1	00000000100065
1	0000000001106
1	0000000000010001612
1	0000000000005
1	000000000000100065
1	0000000000000110299
1	0000000000000010299
1	000000000000000165
1	0000000000000000642
1	0000000000000000602
1	00000000000000006
1	0000000000000000526
1	00000000000000001101299
1	00000000000000000000526
1	000000000000000000000000612
