96450	00000000299
65351	000000000000000000000000299
34268	0000000000000000299
32535	0000000065
25162	0000000000000000612
22661	00000000526
20429	0000000000000000266
19384	000000006
18665	00000000338
14847	11111111299
14712	00000100299
14010	000000000000000065
10657	111111110000000000000000299
7192	00000000000000006
6744	0000000000000000526
5681	011101110000000000000000299
5316	00000000474
5092	0000000019
4987	0000000000000000474
4744	0000000000000000338
4373	00000000612
4226	299
4020	1111111165
3950	0000000000000000334
3861	000001000000000000000000299
3845	0000000000000000000000006
3494	00000000578
3449	0000000011111111299
3401	1111111111111111612
3345	01111111299
3245	1111111100000000266
3226	01110111299
3177	11110111299
3015	0111011165
2885	0000000000000000602
2847	0000000000000000222
2659	0000000000000000000000000000000000000000299
2628	11111111612
2595	0111011100000000266
2592	00000000580
2531	0000000000000000642
2509	1111111111111111299
2499	111101110000000000000000299
2478	00000000224
2333	011111110000000000000000299
2275	0111011100000000299
2217	0000010000000000266
2043	00000001299
2008	0000000001110111526
1824	00000000575
1784	74
1751	111111116
1713	0000010000000100224
1711	111111111111111100000000299
1654	01110111338
1652	00010000299
1643	0000000000000100000001000000000065
1643	0000000000000000598
1517	01000000299
1517	000000000000000011111111299
1488	10000000474
1386	1111111119
1347	11111111602
1344	10000000299
1336	000000000000000000000000222
1323	000001010000010000000000299
1301	0000000000000000011101110000000000000000299
1279	00000000602
1254	000001100000010001010111299
1254	000000000101011100000000222
1240	111111111111111165
1174	00000000000000000000000000000000299
1114	0000000000000100299
1100	11111111580
1090	00000010299
1044	00100000299
1026	1111111111111111338
1014	000000000000000000000000327
1000	011101116
996	0000000000000000000000000000000000000000327
993	00000000000000000000000065
990	1111011111110111612
968	000000000000000001110111338
931	0000010000000100612
915	000001100101011101110111338
892	00001000299
884	1111111111111111642
858	100000000000000000000000299
851	0000000011110111299
821	10000000526
806	0111011101110111612
805	000000001111111165
756	0000000000000000580
742	0000000000000000359
737	11111111474
724	00000000359
720	01010000299
719	11111111108
711	11111111526
710	0000000000000000224
701	000001006
695	0001010000000100299
691	0000000010000000526
690	000100000000000000000000299
675	000000000000000001110111299
668	00000101299
666	00000000108
660	01110111612
612	000000001111111111111111612
610	1111111101111111299
607	010000000000000000000000299
603	000001010000010101110111338
592	0000010000000100299
592	000000000001010000000000299
587	000000010000000000000000299
576	000000100000000000000000299
567	1111011100000000299
563	00000110299
561	000000000000000000000000612
558	000001100000000000000000299
524	11111111111111116
518	001000000000000000000000299
514	1111111100000000299
513	1111011100000000266
504	11111111348
498	0000000000000000000000000000000074
489	01100000299
485	00000000000000000000000000000000612
484	01110111011101116
484	000000000000000019
480	01110111554
476	1111011165
476	0111111101111111299
473	00000100526
460	00010100299
454	11111111000000006
453	000001010000000000000000299
452	000010000000000000000000299
447	0000000011110111526
440	0000000011111111602
432	011000000000000000000000299
428	010100000000000000000000299
423	0000010065
422	00000000348
420	00000100474
411	11111111000000000000000065
398	1111011111110111299
394	0000000000000000000000000000000065
382	000000001111111100000000299
371	0000000011111111526
370	0000000000000000000000000000000001110111299
365	11110111612
362	0111011119
356	0000000000000000111111110000000000000000299
356	0000000000000000000000001111111165
352	0111111101111111612
348	111111110000000019
348	111101116
348	0000010000000000299
348	000000000000010000000000299
337	11111111338
334	111101111111011100000000299
321	00000000567
310	011111110000000101110111299
310	000000001111011165
308	000000000000000000000000555
306	0111011100000110000001000101011165
304	0000000000000000578
303	111111110000010000000000299
302	11110111338
302	01110111580
299	0000000000000000111101110000000000000000299
296	111111110000000011111111299
293	00100100299
286	11111111011000000000000065
283	00011000299
280	00000000554
265	1111111101010111222
262	000000000000000011110111299
261	0000000001111111526
253	0111011100000110000001001111111165
250	0010010000000100299
246	00000011299
244	01110111578
243	000001000000010065
242	11111111575
242	1111111101111111338
241	011101110111011101110111299
241	011101110000010001110111299
240	1111111100000001299
240	0111011101110111602
238	000000000000000001111111299
234	1111111110000000299
234	1111111100000000222
233	11111111554
233	1111011111111111299
231	0000000001110111299
231	000000000010010000000000299
231	00000000000000000000000019
229	001001000000000000000000299
229	0000010000000000222
226	0000000000000100602
225	00001001299
223	000101000000000000000000299
220	11000000299
220	000110000000000000000000299
213	0000000000000001299
212	111111110111111165
210	11111111224
210	00000000334
207	1000010000000100299
207	000000001000010000000000299
206	1111111100000100299
203	000001010000010111110111338
202	1000000011110111334
200	010101100101011101110111338
198	0100010000000100299
198	00000000571
198	000000000100010000000000299
198	000000000000000000000000338
197	11111111000001000000010065
196	1111111100001000299
196	0100000065
195	000000000000000000000000575
191	00000000000000001111111111111111612
183	11110111526
183	000000110000000000000000299
183	00000000000001000000000000000000299
182	0000000011110111474
180	11111111562
180	1111111111111111222
173	0000000001000000299
173	000000000000000000000000474
170	1111111100010000299
170	000000000000010065
169	00101000299
166	000000000000000000000100299
164	0000000165
164	0000000000000000000000000000010065
163	1111111100100000299
163	110000000000000000000000299
163	0000000000100000299
162	100001010000000000000000299
161	1111111100000010299
161	0000000000010000526
161	000000000000000000000000526
160	0000000010000000299
159	0000010001010111222
158	0010000065
156	1111111111111111108
154	1111111101000000299
153	11111111111101111111111165
153	0111011101010111222
151	0000010100000100299
150	01110111571
150	0111011100000100000001001111111165
150	010101010000010101110111338
150	010001010000010101110111338
150	0000100065
150	000001010000010001110111299
150	00000100567
150	000000000111011100000000222
149	0110000000000000299
148	1111111111111111000000001111111174
148	0000011000000000266
147	11111111578
147	0000000000000010299
145	111101111111011165
144	000010010000000000000000299
143	111111110000010011111111299
143	1000000065
143	00010000526
143	0001000000010000224
142	43
142	10000001299
141	00000000000100000000000000000000299
138	0000000000000000000000000000000011111111108
137	1111111111110111299
136	0101000001010000612
135	0000000000010000299
134	00011100299
133	00000000000000010000000000000000299
131	0000000000000100526
129	639
129	111111110000000100000000299
129	000000000000000000000000326
128	00000000010000000000000000000000299
128	0000000000001000299
127	0000000000000000639
126	1111111111111111224
126	011111110111111165
126	000100001111111165
126	0000010100000101612
126	0000001065
124	0110110111111111338
124	011000000000000065
124	0100000000000000299
123	109
123	0001000000010000612
122	01100000359
122	01010100299
122	0000000100000000299
122	000000000000000011110111338
122	000000000000000000000000602
121	0111111165
121	0000010100000001299
120	0110000019
120	0110000000000000602
120	010001010111011101110111338
119	11111111000000001111111165
119	00000000000000000000000000000000474
118	111111111111111111111111299
118	0000010165
118	000001001111111165
118	000000011111111165
118	0000000011111111000000001111111174
117	000000000000010100000000299
116	11111111334
116	111111110111111100000000299
116	0111011111111111299
116	000000001111111111111111299
116	000000000000000001000000299
115	0001000065
115	0001000000000000299
115	0000000001010111222
115	00000000000000000000000000000000109
114	1111011111110111642
113	0111111100000000299
112	11110111474
112	0000000011110111602
111	111111110001000000000000299
110	111111111000000000000000299
110	111111110010000000000000299
110	0000011000000100299
110	000000000000000000000001299
110	00000000000000000000000001110111299
109	11110111562
109	0000000100000001612
108	30
108	01000001299
108	00000000001000000000000000000000299
107	1111111100000000602
107	010000001111111165
107	00000100612
104	1111111100000101299
104	0111111100000000266
104	01110011299
103	111111111111011100000000299
102	1111011100000000000000000000000074
102	0111011100000000222
102	0100000001000000612
101	111111110000001000000000299
101	0000100000000000299
101	00000111299
101	00000000000000100000000000000000299
100	111111110100000000000000299
100	11110111334
100	000000001111011111110111299
100	0000000001111111299
99	10000101299
99	1000000000000000266
99	01010110299
99	000001011111111165
99	000000000000000000000010299
98	01000000526
97	111111111111011111111111299
97	100000001111111165
97	0010000000100000612
97	00000000100000000000000000000000299
97	00000000000010000000000000000000299
97	000000000000000068
94	00110000299
94	00000010526
94	0000001000000010612
94	0000000001111111474
94	0000000000000000010100000000000000000000299
94	000000000000000000100000299
93	001000001111111165
93	000001000000000065
93	0000000000000000556
92	1111111111111111111111116
92	01111111612
92	0111011100000100000001000000010065
92	0000001100000001299
92	0000000000000100474
91	0000010000000000000000000000000074
91	00000000562
90	111111110000100000000000299
90	100000010000000000000000299
90	00000110111111116
90	0000011000000110338
90	0000011000000100000001006
90	00000100108
90	0000010000000110266
90	00000100000001006
90	000000000000000000010000299
89	1111111100000000000000000000000074
89	1000000111110111299
89	0101000065
89	000100006
88	0000000000000000000001000000000000000000299
87	11111111111111110000000065
87	1111111111111111000000000000000074
87	1111111100000110299
87	000000000000000000000101299
86	1111111100011000299
86	1111011119
86	0111111100000011299
86	01001000299
86	000000101111111165
85	111111110000000111111111299
85	111111110000000065
85	1000000010000000612
85	000010001111111165
84	11111111000000000000010065
84	0000010100000000299
83	1111111100000011299
83	1000010165
83	00000100602
82	010000010000000000000000299
82	00110111299
81	11110111111101116
81	011100110000000000000000299
81	000111000000000000000000299
81	00010000474
81	0001000000000000266
81	000000001111011100000000299
80	111111110000010100000000299
80	111101110100000001110111299
80	1100000001000000299
80	0001010001111111224
80	0000000000010000474
79	11111111359
79	010101000000000000000000299
78	11111111010000001111111165
78	1000000010000000338
78	001100000000000000000000299
78	00000101338
78	000000000000000000000000224
77	000000000000100065
77	000000000000000010000000299
77	000000000000000000000000000000000000000000000000299
76	0111111101111111108
76	0101000001000000299
76	0000001000000000266
74	0000011000000110299
74	00000001526
74	000000000000000000001000299
73	1111111111000000299
73	00110011299
73	00000000000000000111111101111111612
72	11111111111111111111111165
72	111111110001000011111111299
72	1111011111110111602
72	1111011100000100299
72	010101110000000000000000299
72	010101100000000000000000299
72	001010000000000000000000299
72	0010000000000000299
72	000001110000000000000000299
72	00000001612
72	0000000000000000000000000000000000000000326
71	11111111567
71	010000006
71	000101001111111165
71	0000110165
71	0000011000000010299
71	000000106
71	0000001000000000299
71	00000001602
71	0000000000000000000000010000000000000000299
70	111111110000000101110111299
70	0000000000000101299
69	00001100299
69	0000010111111111299
69	0000000011111111474
69	0000000000000100000000000000000074
69	0000000000000000000001010000000000000000299
68	111111110001010000000000299
68	000000000001000000000000299
68	0000000000000010474
67	11111111111101116
67	111111110001000065
67	0111111101111111224
67	0111011101110111299
67	01011000299
67	010110000000000000000000299
67	0001100001010000299
67	00001101299
67	000000000000000165
67	0000000000000000000000100000000000000000299
66	100000006
66	0001010001111111299
66	00000100000000006
65	111101111111111165
64	1111111100100100299
64	11110111602
64	0111111100011100338
64	011101110001100000000000299
64	0100000000000000266
64	0001100000000000266
64	000101000111111165
64	0001010001111111108
64	0000100000001000612
64	00000010474
64	00000000111101110000000000000000299
63	1111111110000001299
63	10000101338
63	01110111602
63	000001010000010100000000338
63	0000000011111111266
62	111111111111011119
62	1111111101100000299
62	11111111011000001111011165
62	11111111011000000000010065
62	111111110000010019
62	000011010000000000000000299
62	0000010000000100000000000000010074
61	0111111100000001299
61	001100110000000000000000299
61	001000006
61	0000010111111111108
61	0000000001000000474
60	11111111000001006
60	11110111554
60	01111111224
60	0111011100000100000001000000000065
60	0101000000000000338
60	0000000011111111000000000000000065
60	000000000000000000000000266
58	1111111111111111266
58	1111111111110111000000000000000074
58	1000000000000000299
58	01000000474
58	00110011612
58	0000000000000011299
57	11111111571
57	11110111000000000000000065
57	0000000011111111359
57	0000000000010000602
57	0000000000000100000000000000010074
56	0010000000000000266
56	0000100001011000338
55	011111110000010065
55	000000000000110000000000299
55	0000000000000110299
54	11111111111101111111011165
54	1111111100001001299
54	111111110000010165
54	0111111119
54	01111111000001000000010065
54	010010000000000000000000299
54	00111111299
54	00010101299
54	0001000011111111108
54	0000010111110111224
54	00000000000000005
54	000000000000000000000000581
53	111111110001000019
53	111101110000010000000000299
53	01111111602
53	0000110000000100299
52	111111110000010065
52	011111116
52	0111111101000000299
52	0101011165
52	0000000011000000299
52	0000000000000000010000000000000000000000299
51	11110111580
51	111101111111011100000000602
51	010100006
51	001101110000000000000000299
51	00100000612
51	00100000602
51	00001000612
51	000000001000000000000000299
50	111101111111011100000000555
50	1111011101010111222
50	0111011101110111642
50	0111011100000110000001001111011165
50	0111001100000000266
50	010101110101011101110111338
50	010101010000010111110111338
50	010101010000000111110111299
50	010001110101011101110111338
50	001101110000010000000000299
50	0000011001010111222
50	0000000011110111612
50	0000000001110111338
50	00000000000000000000010100000101612
49	111111110100000011111111299
49	111011110000000000000000299
49	10000000612
49	01000000612
49	01000000602
49	000001010000000100000000299
49	0000000000000000100000000000000000000000299
49	000000000000000000000000642
48	1111011100000000222
48	0111111100100100299
48	0111111100000100299
48	01110111348
48	01110111000000000000000065
48	01110011612
48	0011011100000000266
48	0010100000001000299
48	0010010065
48	0010010000100100299
48	0001010011111111108
48	0001010000000000299
48	000100001111111100000000299
48	0000100100000001299
48	000000001000000065
48	0000000000100100299
48	0000000000001001299
47	11111111011111116
47	10000000602
47	01111111526
47	01111111111111116
47	0000001000000010642
47	0000000100000000266
47	000000000010000065
47	000000000010000000000000299
47	0000000000000000001000000000000000000000299
46	111111111000000011111111299
46	111111110000100011111111299
46	0111111100000110299
46	0110000001000000299
46	000001011111011165
46	0000010111110111108
46	000000000000000010000101299
45	0101010001111111299
45	0101010000010100299
45	00111011299
45	0001010111111111299
45	00001000602
45	000001016
45	000000000001000065
45	00000000000000000000000000000000266
44	01010111299
44	000000000000011000000000299
43	11111111011000000001000065
43	11111111000001000000010165
43	0010000001100000338
43	0000010111111111224
43	000000016
43	0000000001100000299
42	001110110000000000000000299
42	00111000299
42	0001100000001000299
42	0001010100000101299
42	0000110100001001299
42	00000010612
42	00000010602
42	000000000100000065
42	0000000000000000000010000000000000000000299
41	0111111111111111266
41	0101000001010000299
41	0000001100000000299
41	00000001474
41	000000000000001065
41	0000000000000001474
40	11111111453
40	1111011111000000299
40	0110000000100000299
40	01010000580
40	0101000000000000299
40	00100000526
40	0001000000000000222
40	000011000000000000000000299
40	0000011000000000222
40	0000010111110111299
40	000000111111111165
40	0000000000000000000000000000000011110111299
39	111111111000000065
39	111111110000001011111111299
39	01111111580
39	01010101299
39	000000000000100000000000299
39	0000000000000010526
38	111111110010000011111111299
38	00110111612
38	0000100000010000299
38	0000100000001000338
38	0000011065
38	0000011000000000299
38	000000000100000000000000299
38	0000000000000010222
37	1100000000000000299
37	0101100011111111299
37	0000010011110111000000000000000074
37	0000010000000100266
36	1111111111111111532
36	1111011100100000299
36	0011111100000000266
36	001111110000000000000000299
36	0001010065
36	0001000011111111000000001111111174
36	0000100000000000266
36	0000010019
36	0000001000000100299
36	0000000000011000299
36	000000000000000000010100299
36	000000000000000000000000359
35	11111111000000001111011165
35	011111110100000000000000299
35	010101010000000000000000299
35	0011011100110111612
35	000100000000010000000000299
35	0000100011111111299
35	0000010000000010266
35	0000000001010000299
34	011111110000001165
34	0011001165
34	0011001119
34	0010010000000000299
34	0001000100000001299
34	000100000101000065
34	0000100000000100299
34	000010000000010000000000299
34	000001101111111165
34	0000011000000110224
34	0000000001000000602
34	0000000000000100000001000000001065
33	011111110111111100000000299
33	01110111011000000000000065
33	0110010001100000299
33	011001000000000000000000299
33	0011000000000000266
33	0010000011111111299
33	0001110000011000299
33	000100000100000000000000299
33	0000011000000110612
33	00000000111111110000000000000000299
33	000000000000001000000000299
33	0000000000000000011111110000000000000000299
32	11111111000100000001010065
32	1111011100000100000001000000010065
32	0111111101111111642
32	0111011100011100299
32	0111011100000111299
32	0100000011111111108
32	001001100000000000000000299
32	001001001111111165
32	00100000474
32	00011100224
32	0001010011111111224
32	00010000612
32	00010000602
32	0000100100000000299
32	00000100580
32	000001000000010000000000299
32	0000000001010110474
32	0000000000000101526
32	000000000000000100000000299
32	000000000000000000100100299
31	11110111578
31	111101111111011111110111299
31	0110000011111111299
31	0100000011111111224
31	001001000000010000000100299
31	0000000060
31	000000000111011101110111612
31	0000000000000100266
31	0000000000000001602
31	0000000000000000000100000000000000000000299
30	1111111101010100338
30	111111110000000119
30	11110111571
30	111101110000010011110111299
30	11101111299
30	011111110010000000000000299
30	0111011100000100000001000001000065
30	0111011100000100000001000000011065
30	011101110000000000000000328
30	0111001119
30	0111001101110011299
30	0101010011111111299
30	0100000000010100299
30	00111011612
30	0011001100000000266
30	0010100001111111224
30	0001000000000101299
30	000001010111011101110111338
30	000001010000010011110111299
30	00000100224
30	0000010000000100000001006
30	000001000000000011111111299
30	000000001111011100000000222
30	000000000111011100000000328
30	00000000010100000000000000000000299
30	0000000000000100000000000000000065
30	000000000000000000000000328
29	1111111111111111602
29	1111111111110111602
29	11111111111101110000000065
29	11111111011000000000000165
29	011111111111111165
29	011111111111111100000000299
29	0000000059
29	00000000111111110000000065
29	0000000011111111000000000000000074
28	111111110100000019
28	1111111100010101338
28	1111111100010100299
28	111100111111111100000000299
28	1000000110000000299
28	100000000000000011111111299
28	0111111111111111011111116
28	0111100065
28	01010110526
28	0011001100110111299
28	001010000111111165
28	0010100001111111108
28	0010100001011000338
28	0010000000100000338
28	0001000011111111299
28	000011110000000000000000299
28	000010000000000065
28	000000010000000111111111299
27	526
27	1111111101001000299
27	1000010110000001299
27	01111111348
27	0111111101100000299
27	0111111100100000299
27	011111110000001000000000299
27	011111110000000100000000299
27	011101110000010000000000299
27	01000100299
27	0100000001000000338
27	001111110000010000000000299
27	00100100000001000000000065
27	001000000000010000000000299
27	000101010000000000000000299
27	000001100101011100000000338
27	000001000000001000000000299
27	0000001011111111299
27	0000000010000001299
27	0000000000000000555
26	111111110000100065
26	011111111000000000000000299
26	01111111011000000000000065
26	01110111359
26	011101110111011100000000299
26	011000001111111165
26	0100000101000001612
26	000001110111011165
26	000000010000000011111111299
26	0000000000000000532
25	111111110010100000000000299
25	1111011101000000299
25	111101110010000000000000299
25	0111111100000010299
25	01111111000000000000000065
25	011101110000011000000000299
25	011101110000000065
25	0111011100000000602
25	010001000000000000000000299
25	0011001100110011642
25	0001100000010000299
25	0000010000000100338
25	0000000000000000342
25	0000000000000000000101000000000000000000299
24	111111110111011165
24	1111111100000001000000000000000074
24	111111110000000001111111299
24	11110011299
24	100001010000010100000000338
24	0111111100010000299
24	011111110000000011111111299
24	0111011100111000338
24	011101110011000000000000299
24	0111011100000111338
24	0111011100000100299
24	0110000065
24	01010111338
24	0101010065
24	0011101165
24	0011101119
24	00110011602
24	00110011580
24	0010100001111111299
24	000110001111111165
24	0001100000000000299
24	000101006
24	00001101338
24	000001100000010000000000299
24	0000010101111111299
24	000000000111111100000000299
24	0000000001010110526
24	0000000000110111299
24	000000000011011100110111612
24	0000000000000010602
24	000000000000000000110111299
23	11110111000000001111011165
23	1000000001111111299
23	0110000001100000612
23	0011001100100000299
23	00010101000001006
23	0001000000010000299
23	0000011100000111612
23	000001000000110065
23	0000001100000011612
23	000000000000110065
23	000000000000000001010111299
22	11111111000001011111011165
22	11110011612
22	100000000000010100000000299
22	011001100000000000000000299
22	0110010065
22	01100100299
22	010100000100000065
22	001010001111111165
22	0010010165
22	000111100000000000000000299
22	0001110065
22	000100000001010065
22	000010006
22	0000100001111111299
22	00000100578
22	00000100571
22	00000100338
22	0000000000000100359
22	000000000000000001010111338
21	1111111100000101111111116
21	111111110000001100000000299
21	111111110000001065
21	111101110000011000000000299
21	1111011100000000602
21	11000001299
21	0111011111110111299
21	010101116
21	0000010101111111224
21	000001000111011100000000299
21	00000000453
21	0000000001000000526
21	0000000000010100299
21	0000000000000000010101110000000000000000299
21	0000000000000000000001110000000000000000299
21	000000000000000000000110299
20	111111110010000065
20	111111110000001111111111299
20	111111110000000000000100299
20	11110111111101111111011165
20	1111011100000100000001000000000065
20	111101110000000101110111299
20	1111001165
20	1111001119
20	1110111165
20	1100000011110111299
20	011111110000010000000000299
20	0111011101000000299
20	0111011100000001299
20	01110011359
20	0101011001010110612
20	01010000571
20	01010000526
20	01010000348
20	0101000011111111299
20	0101000001010000642
20	0101000001010000602
20	01010000010100006
20	0101000001010000266
20	01010000010100000000000000000000299
20	0101000000000000342
20	010100000000000000000000338
20	0100010165
20	0011001100001001299
20	000101011111011111110111338
20	000101010000010111110111338
20	00001000526
20	00000111612
20	00000110612
20	000001100000011065
20	00000011612
20	00000011602
20	000000100000000100000000299
20	000000010111011165
20	0000000010000101526
20	000000000110000065
20	000000000101000065
20	0000000001010000612
20	0000000001010000338
20	0000000001010000266
20	000000000101000019
20	000000000000001165
20	00000000000000001000010165
20	0000000000000000000000110000000000000000299
20	00000000000000000000000011110111299
19	111111110000011000000000299
19	111111110000000165
19	11110111000001000000010065
19	111100110000000000000000299
19	1110111111101111642
19	1000000100000000299
19	01010110474
19	00110111602
19	00110111580
19	001000000000000011111111299
19	0001010111110111299
19	0001000000010100108
19	000100000001000065
19	000010000000000011111111299
19	00000111602
19	00000110602
19	000001000000010165
19	000001000000000100000000299
19	0000001165
19	000000001111011111110111612
19	0000000010000000474
19	00000000011111110000000000000000299
19	000000000000011065
18	11110111111101110000010065
18	11110111108
18	1111011100000100000001000011111165
18	11110111000000000000010065
18	1110111100001001299
18	110000010000000000000000299
18	11000000612
18	11000000602
18	110000001111111165
18	1100000011000000612
18	100001110000000000000000299
18	100000011111111165
18	100000000100000000000000299
18	0111111100001001299
18	0111011100111111299
18	0111011100110111299
18	011100110000000065
18	0111001100000000602
18	0101010001010000299
18	010100000000000065
18	0100110001001000299
18	010011000000000000000000299
18	0100100000001000299
18	00111111612
18	0011111100111111612
18	0011111100000000222
18	001110000000000000000000299
18	0011001111110111299
18	0011001111000000299
18	0011001100111111299
18	00100101338
18	000101000000010065
18	0001000001010000108
18	000100000000000100000000299
18	000010000111111165
18	00000110000000006
18	000001010000000165
18	00000100334
18	00000100111101110000000065
18	000000100000010065
18	0000000100000000222
18	000000001100000065
18	0000000001110011299
18	000000000111001101110011612
18	0000000001001000299
18	0000000000111111299
18	000000000011111100111111612
18	00000000000001010000000000000000299
18	000000000000010000000100299
18	00000000000001000000000065
18	0000000000000000110000000000000000000000299
18	000000000000000001110011299
18	000000000000000000111111299
18	0000000000000000000001100000000000000000299
17	1111111100110000299
17	111111110001010065
17	111111110000011011111111299
17	1111111100000000580
17	111101111100000000000000299
17	1100000065
17	01111111108
17	011111110000011065
17	01111111000001006
17	0111011100000100000001000000000165
17	0110010111110111299
17	0101100001011000642
17	00110011348
17	0011001100110011299
17	000110000001000000000000299
17	00011000000000006
17	000100010000000165
17	0001000001010000299
17	000100000001000165
17	0001000000010001108
17	000010000001000065
17	000010000000000100000000299
17	000001001111111100000000299
17	0000010000000101108
17	000000110001000011111111299
17	000000100000010165
17	0000001000000101299
17	0000000100010000000000000000000074
17	000000000001100000000000299
17	000000000000100165
17	00000000000000000101000001010000612
16	1111111111110111338
16	11111111011000000100000065
16	111111110010010011111111299
16	111111110010010000000000299
16	111111110001110000000000299
16	1111111100010100111111116
16	1111111100010100108
16	1111011111111111338
16	111101111100000065
16	11110111000000006
16	1110111111000000299
16	100000000111111165
16	01111111010000001111111165
16	011111110010010065
16	01111111000100000001010065
16	011111110000001100000000299
16	011101110001110001111111299
16	011101110000011101110111299
16	01010111612
16	01000101338
16	0100000165
16	0011101100111011642
16	0010100000000000299
16	00100110575
16	00100110299
16	0010011000100110612
16	0010011000000000266
16	00100100612
16	00100100602
16	001001000010010065
16	0010010000100100612
16	001001000001000065
16	0010010000000100001001006
16	001001000000000011111111299
16	00011100612
16	00011100602
16	000111001111111165
16	000111000111111165
16	0001110000011100612
16	000111000000000001111111299
16	0001100000010100299
16	000101000111111100000000299
16	0001001000000010299
16	0000100165
16	00001001612
16	00001001602
16	0000100100001001612
16	000010000001010065
16	0000100000010100299
16	0000011165
16	00000111224
16	000001110000000001110111299
16	000001100010011065
16	0000011000100100299
16	000001000010010065
16	0000010000100100299
16	0000010000100100108
16	000001000010010000000000299
16	000000000010010065
16	0000000000100000474
16	0000000000010100526
16	00000000000101000000000000000000299
16	0000000000000000001001000000000000000000299
16	0000000000000000000111000000000000000000299
16	000000000000000000001101299
16	000000000000000000001001299
16	0000000000000000000010010000000000000000299
15	111111111100000065
15	1111111101010100266
15	111111110100000065
15	111111110000001019
15	111101110010000065
15	1010100001111111299
15	1010100000101000299
15	1000000011111111299
15	0111111101001000299
15	011100110111001100000000299
15	0101011065
15	01010100111111116
15	0101010001010100612
15	0101010000010100224
15	010101000001010000000000299
15	01010100000001006
15	010100000000010100000000299
15	010000000100000011111111299
15	010000000001010065
15	010000000000000011111111299
15	00111011602
15	00111011580
15	000101010000010100000000299
15	000100000000100000000000299
15	000100000000010165
15	0000001000000000338
15	0000000001010111526
15	0000000000100000602
15	000000000000000001100000299
14	1111111101111111108
14	111101110000100000000000299
14	111101110000010065
14	10100000299
14	0111001100000000299
14	01100000602
14	010000000010000000000000299
14	0100000000010000000000000000000074
14	0100000000000000222
14	0011101100000000266
14	0010100011111111108
14	00001111575
14	00001111299
14	0000111100001111612
14	0000111100000000266
14	000011010001000065
14	000011010000100165
14	0000110100000100000011016
14	000001100000111165
14	0000011000001101299
14	00000101571
14	000001000000110165
14	0000010000001101299
14	0000010000001101108
14	000001000000100100000000299
14	000000000111011165
14	000000000011011165
14	000000000001100065
14	0000000000000000328
14	000000000000000000101000299
13	111111110110000011111111299
13	111111110110000000000000299
13	1111111100101000299
13	11111111001000000010100065
13	111111110001100065
13	111111110001100000000000299
13	111111110000000001110111299
13	10101000299
13	011111110000100000000000299
13	011101110000000011111111299
13	01100000612
13	011000000000000011111111299
13	0101011101010111612
13	0100000101000000299
13	010000000111111165
13	010000000000000065
13	0010000019
13	0010000000100000266
13	0001010100000101224
13	0001000000010000338
13	000100000000000011111111299
13	000011011111111165
13	000011000000010065
13	0000100019
13	000001011111011100000000299
13	000001010111111165
13	0000010101111111108
13	000001010000010000000100299
13	0000010011111111266
13	000001000000011065
13	000001000000010100000000299
13	000001000000010011111111299
13	0000000000110011299
13	000000000011001100110011612
13	000000000000001000000000526
13	0000000000000000391
13	0000000000000000011000000000000000000000299
13	000000000000000000110011299
13	0000000000000000000011010000000000000000299
13	00000000000000000000001000000000266
12	1111111111111111011111116
12	111111110111111111111111299
12	1111111101000000000000000000000074
12	111111110001100011111111299
12	1111011111110111224
12	111101111000000000000000299
12	111101110000000111110111299
12	101100110000000000000000299
12	10010000299
12	1000000100000001299
12	0111111100001000299
12	01111111000001011111011165
12	011111110000010011111111299
12	0111011100111000299
12	010011100000000000000000299
12	0100110065
12	01001100299
12	010010001111111165
12	0100100000000000299
12	010000000100000065
12	00111011348
12	00111011000000000000000065
12	00111000224
12	0010100011111111224
12	0010010111111111338
12	001000000000100000000000299
12	0001100065
12	00011000612
12	00011000602
12	0001100000011000612
12	0001000000100000299
12	000100000001000011111111299
12	0001000000000100000000000000010074
12	000011010000010100000000338
12	000010011111111165
12	000000100000010000000000299
12	000000000111111165
12	000000000111011100000000299
12	0000000000110000299
12	0000000000101000299
12	0000000000001000474
12	0000000000000110000001001111111165
12	0000000000000000000110000000000000000000299
11	111111111111011165
11	1111111100001100299
11	1111011111110111532
11	111101110100000000000000299
11	1111011100000100000001000011011165
11	1111011100000010299
11	11110011602
11	11110011580
11	100000001111011111111111299
11	011111110000000165
11	01110111011000000100000065
11	0111001101110011642
11	01110000299
11	011100000000000000000000299
11	01100110575
11	01100110299
11	0110011001100110612
11	0110011000000000266
11	011001000110000065
11	011001000001000065
11	0110010000000100011001006
11	0100010065
11	00111011011000000000000065
11	0011011100000000222
11	001000000011001165
11	0010000000110011299
11	00011110575
11	00011110299
11	0001111000011110612
11	0001111000000000266
11	000111000001100065
11	000111000001000065
11	0001110000000100000111006
11	000110000000000011111111299
11	0001010100010101612
11	000101000000010000000100299
11	0001000011111111224
11	0000110111111111299
11	000010001111011111111111299
11	000001100110011065
11	0000011001100100299
11	0000011001010100299
11	000001100001111065
11	0000011000011100299
11	00000101000001000000000065
11	0000010100000000266
11	000001000110010065
11	0000010001100100299
11	0000010001100100108
11	000001000110000000000000299
11	0000010001000000000000000000000074
11	000001000001110065
11	0000010000011100299
11	0000010000011100108
11	000001000001100000000000299
11	000000101111011111111111299
11	0000001001010110338
11	000000100000000011111111299
11	000000011000000000000000299
11	000000010000010000000000299
11	0000000011111111612
11	000000000000000001100100299
11	000000000000000000011100299
11	000000000000000000011000299
10	111111111100000000000000299
10	1111111110101000338
10	11111111011000000000001065
10	111111110001010100000000299
10	111111110000100165
10	11110111453
10	11110111111111111111111165
10	111101111111111111111111299
10	1111011111110111108
10	1111011100000100000001000111011165
10	1111011100000100000001000001000065
10	1111011100000100000001000000011065
10	111101110000000000000000328
10	11110011348
10	1111001111110011642
10	11110011000000000000000065
10	110101010000000000000000299
10	1100000165
10	10110011299
10	1010110010101100612
10	1010100011111111299
10	101010000000010000000000299
10	100100000000000000000000299
10	10000100299
10	100001000000000000000000299
10	1000000000101000299
10	100000000000010000000000299
10	011111110000100100000000299
10	011101110100000001110111299
10	011101110000011100000000299
10	011101110000000101110111299
10	011101110000000100000000299
10	011101110000000001110111299
10	011101110000000000111011299
10	0111001165
10	0101010101010101612
10	01010000474
10	010100001111111165
10	0101000000000000266
10	010001010000010111110111338
10	0100000019
10	010000000111011165
10	0100000001000000299
10	010000000100000001110111299
10	010000000000010000000000299
10	001101110000000001110111299
10	00110011011000000000000065
10	001100110000010000000000299
10	00110011000000000000010065
10	0011000000010000299
10	0011000000000000299
10	001001010000010100000000338
10	001000001111011111111111299
10	001000000010100065
10	00100000000000006
10	001000000000000000110011299
10	0001010165
10	0001010100010101338
10	0001010000010100612
10	000100001111011165
10	0000110100000101299
10	000011010000010100000000299
10	000010010111111165
10	000010010011101165
10	0000100100111011299
10	000010010000000000111011299
10	00001000474
10	00000110575
10	000001100001000065
10	0000011000000100000001106
10	000001100000000011111111299
10	000001011111011111110111338
10	0000010000000110299
10	0000010000000110108
10	000001000000011000000000299
10	0000001019
10	00000010000000006
10	000000010000000001110111299
10	000000001111011100000000328
10	0000000001010000602
10	0000000001010000474
10	0000000001010000000000000000000074
10	000000000001010100000000299
10	0000000000000001526
10	00000000000000001111011111110111612
10	0000000000000000010000010000000000000000299
10	000000000000000000000000000001000000000000000000299
9	65
9	111111111100000011111111299
9	111111111000000165
9	111111111000000111111111299
9	111111111000000100000000299
9	111101111111111100000000299
9	1111011111110111266
9	1111011110000000299
9	111101110100000011110111299
9	111101110000010100000000299
9	11110111000001006
9	1111011100000100000001001111011165
9	1111011100000100000001000100000065
9	1111011100000001299
9	111101110000000000110011299
9	111101110000000000000100299
9	11110011011000000001000065
9	111100110000010000000000299
9	111011111000000000000000299
9	1110111100100000299
9	111011110010000000000000299
9	111011110000100000000000299
9	11010101299
9	110000001111011165
9	110000001111001165
9	1100000011110011299
9	110000000001000011110011299
9	101000000000000000000000299
9	10000111575
9	10000111299
9	1000011110000111612
9	1000011100000000266
9	100001011000000165
9	100001010001000065
9	1000010100000100100001016
9	1000000165
9	10000001612
9	10000001602
9	1000000110000001612
9	100000010000000011111111299
9	011111110110000065
9	011111110010000065
9	011101111111111100000000299
9	011101110001000011110011299
9	011101110000010001010111299
9	01110011602
9	01110011580
9	01010110338
9	010101100101011100000000338
9	0101011000000000338
9	0100000100000000338
9	00111111602
9	00111111580
9	001111110100000001110111299
9	0011101100111011612
9	001110110000010000000000299
9	0011011165
9	0011011119
9	0011010000110000299
9	001101000000000000000000299
9	0011000000100000299
9	001000001111011165
9	00010101108
9	0001010101111111299
9	00010100000001000000000065
9	0001000011110111108
9	0001000000010100299
9	000100000000001000000000299
9	0000110111111111224
9	0000110111111111108
9	000011000000010000000100299
9	00001000000010000101100065
9	000001101000011165
9	0000011010000101299
9	0000011000000101299
9	00000101567
9	000001001111011165
9	000001001000010165
9	0000010010000101299
9	0000010010000101108
9	000001001000000100000000299
9	0000010000010101266
9	000000010111111165
9	0000000100000001299
9	0000000011110111000000000000000074
9	000000001000000165
9	000000000111001100000000299
9	000000000011111165
9	0000000000100000526
9	0000000000000110000001000101011165
9	000000000000000010000001299
9	0000000000000000100000010000000000000000299
9	0000000000000000010101100000000000000000299
9	000000000000000000000000010000000000000000000000299
8	79
8	111111110101000019
8	111111110000011100000000299
8	1111011111111111108
8	1111011111110111000000000000000074
8	1111011100000101111101116
8	10110011612
8	101010000000000000000000299
8	1000000011000001338
8	10000000100000000101100065
8	011111110001000065
8	011111110001000000000000299
8	0111011100100000299
8	0111011100000010299
8	0101011000000000266
8	0101010165
8	0101010000000000338
8	010001010000010100000000338
8	01000001580
8	0011011100110111642
8	0011001100110011612
8	0011001100000100299
8	00110000612
8	001100001111111165
8	0010100065
8	00100000580
8	00100000348
8	001000000010000065
8	00010101338
8	0001010000010100299
8	000100100000001065
8	000100000010000065
8	000100000001001065
8	0001000000010010108
8	0001000000000000000000000000000074
8	000011000000010000000000299
8	00001000348
8	0000100000001000266
8	000001111111111165
8	000001010000010165
8	0000010100000101108
8	00000010348
8	0000001000010000000000000000000074
8	000000100000001011111111299
8	000000100000000065
8	0000001000000000222
8	0000000101111111108
8	0000000000001000602
8	0000000000000100000001001111111165
8	0000000000000000010101010000000000000000299
8	0000000000000000010001010000000000000000299
8	0000000000000000001010000000000000000000299
8	0000000000000000001001010000000000000000299
8	000000000000000000000000109
8	000000000000000000000000001000000000000000000000299
7	1111111110100000299
7	1111111101111111266
7	1111111101111111224
7	11111111011000000000100065
7	111111110010100065
7	1111111100010000000000000000000074
7	111111110000100019
7	111111110000011065
7	1111111100000100000000000000000074
7	1111111100000010000000000000000074
7	11111101299
7	111101110000000011111111299
7	1101011000000000338
7	1001010111110111299
7	01111111011111116
7	011111110100000065
7	01111111000001000000010165
7	0111011100000100000001000000001065
7	01010110580
7	0101011001010110642
7	010101006
7	0101010001010100299
7	0100000011111111000000001111111174
7	01000000010000000101011065
7	01000000000000006
7	00110011000000000000000065
7	00011101299
7	0001000011110111299
7	0001000011110111224
7	0000110100001101612
7	0000110100001000299
7	00001100000001000000000065
7	000010000000100011111111299
7	00001000000000006
7	0000100000000000338
7	000001100001000011111111299
7	0000010011111111000000001111111174
7	00000100000001000101100065
7	00000010580
7	000000100000001065
7	0000001000000010266
7	0000000111111111000000001111111174
7	0000000101111111299
7	000000010000000165
7	0000000010000000602
7	0000000001010110299
7	000000000100100065
7	0000000000111011299
7	000000000011101100111011612
7	000000000011001165
7	000000000011000000000000299
7	0000000000001101526
7	0000000000000000010101000000000000000000299
7	000000000000000000111011299
7	000000000000000000000000000100000000000000000000299
7	000000000000000000000000000010000000000000000000299
7	000000000000000000000000000000100000000000000000299
7	00000000000000000000000000000000000000000000000000000000299
6	11111111011000000101000065
6	111111110100100011111111299
6	111111110100100000000000299
6	111111110011100000000000299
6	1111111100101000111111116
6	1111111100101000108
6	111111110000100111111111299
6	111111110000100100000000299
6	111111110000000000000000391
6	111111110000000000000000000000000000000000000000391
6	11110111111101110000000065
6	1111011101111111299
6	1111011100010000299
6	1111011100000110299
6	111101110000001000000000299
6	1111011100000000580
6	1111011001110111299
6	110101100000000000000000299
6	1101000101110111299
6	1101000011110111299
6	1100010011000000299
6	110001000000000000000000299
6	1000000000000001299
6	0111111101111111266
6	0111111100110000299
6	011111110000100165
6	011111110000000101111111299
6	01111011612
6	0111011101111111299
6	011101110011100001111111299
6	0111001101110011612
6	0111001100110011299
6	0111000001100000299
6	01100000338
6	0101110001111111299
6	0101100065
6	01010111554
6	01010111010101116
6	01001110575
6	01001110299
6	0100111001001110612
6	0100111000000000266
6	010011000100100065
6	010011000001000065
6	0100110000000100010011006
6	0100100065
6	01001000612
6	01001000602
6	0100100001001000612
6	010010000000000011111111299
6	01000101299
6	0100000101000001642
6	0100000100000000299
6	01000000348
6	0100000011111111299
6	0100000001111111299
6	010000000111001165
6	0100000001000000266
6	010000000000100000000000299
6	00111000612
6	00111000602
6	001110001111111165
6	001110000111111165
6	0011100000111000612
6	001110000000000001111111299
6	001101100000000000000000299
6	0011010065
6	00110100299
6	0011001101110011299
6	0011001100111011299
6	00110010299
6	0011000000101000299
6	001100000010000000000000299
6	00110000000000006
6	0010110000101000299
6	001011000000000000000000299
6	001010006
6	001010000111111100000000299
6	001010000000100065
6	0010011001110111299
6	0010000000101000108
6	00100000001000000101100065
6	001000000010000000000000338
6	001000000000010100000000299
6	0001110111111111299
6	0001100100001001299
6	0001100011111111338
6	000100000010100065
6	0001000000101000299
6	0000111001111111299
6	00001101571
6	0000110065
6	0000110000001100299
6	000010010000000011111111299
6	000010000001000000000000299
6	00001000000010000111100065
6	000010000000010100000000299
6	00000111338
6	0000011100000011299
6	000001100100111065
6	0000011001001100299
6	000001100000000100000000299
6	000001011000000000000000299
6	00000100348
6	0000010001111111299
6	000001000100110065
6	0000010001001100299
6	0000010001001100108
6	000001000100100000000000299
6	0000010001000100299
6	00000100000001000111100065
6	00000100000001000000000065
6	0000001100000010299
6	00000010571
6	00000010000000100101100065
6	000000100000001000000000556
6	000000100000001000000000338
6	0000000111111111299
6	0000000101111111224
6	0000000000101000526
6	000000000010100000000000299
6	00000000001010000000000000000000299
6	0000000000001100299
6	000000000000000001010101299
6	000000000000000001001100299
6	000000000000000001001000299
6	0000000000000000010010000000000000000000299
6	0000000000000000001110000000000000000000299
6	000000000000000000110000299
6	000000000000000000000000100000000000000000000000299
5	1111111110101100266
5	11111111011000000010000065
5	111111110101000011111111299
5	111111110010000019
5	1111111100010101266
5	1111111100000101108
5	11111111000000000000000000000000391
5	1111011111111111224
5	111101110000010000000100299
5	111101110000000101010111299
5	1111001111110011612
5	11010111299
5	1100000111000001612
5	1100000100000000338
5	110000000001000011111111299
5	101011110000000000000000299
5	10101000111111116
5	1010100000101000224
5	101010000010100000000000299
5	10101000000001006
5	100001000100000000000000299
5	100001000000010000000000299
5	1000000101111111299
5	1000000101000001299
5	100000000010100065
5	100000000000000065
5	10000000000000006
5	1000000000000000000000000000000074
5	01111111567
5	011111111100000000000000299
5	0111111101111111338
5	0111111101111111011111116
5	011111110100100065
5	01111111001000000010100065
5	011111110000011000000000299
5	0111111100000000222
5	011101110000010000000110299
5	011101110000010000000100299
5	0111011100000100000001000100000065
5	011101010000000000000000299
5	01110011348
5	011100110011001100000000299
5	01110011000000000000000065
5	0110000000000000266
5	010100000000011000000000299
5	0100010001000000299
5	01000000010000000101100065
5	0100000000000000000000000000000074
5	00110111348
5	00110111000000000000000065
5	0011001101000000299
5	0011001100010000299
5	0011001000000000266
5	001100100000000000000000299
5	0010100001011100338
5	001000000000000065
5	0010000000000000338
5	00010101111111116
5	0001010019
5	000101000001010000010100555
5	000101000000000019
5	000100001111011111111111299
5	000100000001000000000000299
5	0000110000000000299
5	0000100000001000299
5	00001000000010000110000065
5	000010000000100000000000299
5	0000011100000000266
5	00000101612
5	000001010111111100000000299
5	0000010001111111266
5	000001000111111100000000299
5	000001000111011165
5	000001000011011165
5	00000100000001000110000065
5	00000010578
5	00000010338
5	0000001000000010222
5	0000001000000000000000000000000074
5	0000000100000000000000000000000074
5	0000000010000000000000000000000074
5	0000000001000001299
5	0000000000001000000000000000000074
5	0000000000000010359
5	0000000000000010266
5	000000000000000000000101338
5	0000000000000000000000000101000065
5	000000000000000000000000000000010000000000000000299
5	000000000000000000000000000000000000000000000000474
4	111111111000000019
4	111111110110000065
4	111111110011000000000000299
4	111111110000000111110111299
4	1111111100000000000000000000000000000000391
4	111111010000000000000000299
4	11110111000001000000000065
4	111101110000000100000000299
4	111101110000000000000000000000000000000000000000391
4	110101110000000000000000299
4	1101011065
4	11010110299
4	110001100000000000000000299
4	1100010065
4	11000100299
4	1100000010000000299
4	10110110453
4	1011011010110110612
4	1011011010110110532
4	1011001165
4	10110011602
4	10110011580
4	1011001119
4	1011001110110011612
4	1011001100000000266
4	100000016
4	10000000348
4	1000000019
4	1000000011111111108
4	100000001011001165
4	1000000010000000334
4	1000000010000000266
4	1000000000000000338
4	0111111111111111299
4	011111110000000101010111299
4	011101111111111111111111299
4	0111011100111011299
4	0111011100001000299
4	011101110000010065
4	011100110100000000000000299
4	0111001100111011299
4	0111001100000010299
4	0111001100000010222
4	01110010299
4	01011100299
4	010111000000000000000000299
4	01010101612
4	010101010000010100000000338
4	01010100580
4	0101010000000000299
4	010100000101000065
4	0101000000000000000000000000000074
4	01000101571
4	010001011111111100000000299
4	0100010101000101612
4	010001000010000000000000299
4	010001000000010000000000299
4	01000001571
4	01000001348
4	0100000101000001602
4	01000001010000016
4	0100000101000001266
4	01000001010000010000000000000000299
4	010000010000000065
4	0100000100000000342
4	010000010000000000000000338
4	01000000580
4	01000000010000000110000065
4	0100000001000000000000000000000074
4	010000000000010100000000299
4	0011001110110011299
4	0011001110000000299
4	0011001100000010299
4	0011001100000001299
4	00110010612
4	00110000602
4	0011000000110000612
4	001011100000000000000000299
4	0010110065
4	00101100299
4	00100101571
4	00100101299
4	0010010100100101612
4	001001010000010100000000299
4	001001000001000000000000299
4	001001000000010000000000299
4	001000000111011165
4	00100000001000000110000065
4	001000000001000000000000299
4	0010000000000000000000000000000074
4	000111010000000000000000299
4	000110010000000000000000299
4	0001100011111111299
4	0001100001010100299
4	000101010000010100000000338
4	00010100612
4	00010100602
4	0001010011111111299
4	000101000000100000000000299
4	000101000000010000000000299
4	0001000000010000108
4	000100000000000065
4	000011100000000000000000299
4	000011010110000000000000299
4	000011001111111165
4	0000100000100000299
4	000001110000010100000000338
4	00000101580
4	00000101554
4	00000101526
4	00000101000001016
4	0000010100000000222
4	000001000111111165
4	0000010000000111299
4	0000010000000100000000000000000074
4	0000010000000010222
4	000000100111011165
4	0000001001110111299
4	000000100111001100000000299
4	000000100000010100000000299
4	00000010000000100111100065
4	00000010000000100110000065
4	00000001348
4	0000000119
4	000000011111011111111111299
4	0000000101000001299
4	000000010100000000000000299
4	00000001000000010111100065
4	00000001000000010101100065
4	000000000111001165
4	0000000001000101526
4	000000000100000165
4	0000000001000001338
4	000000000100000119
4	0000000001000000266
4	000000000011000065
4	0000000000100101526
4	0000000000100000266
4	0000000000000010000000000000000074
4	0000000000000001000000000000000074
4	0000000000000000597
4	000000000000000011000000299
4	0000000000000000100001010000000000000000299
4	000000000000000001010101338
4	0000000000000000001100000000000000000000299
4	0000000000000000000101010000000000000000299
4	000000000000000000001100299
4	00000000000000000000011165
4	00000000000000000000000000010000299
4	0000000000000000000000000000001065
4	0000000000000000000000000000000000000000391
3	1111111110000001338
3	11111111011000001000000065
3	111111110011000011111111299
3	1111111100001101111111116
3	111111110000001001110111299
3	111111110000000101010111299
3	11111101000001010000110165
3	11110111348
3	111101111000000065
3	111101110111111100000000299
3	111101110100000065
3	111101110001000065
3	111101110001000000000000299
3	111101110000001065
3	111101110000000165
3	111101100111011165
3	1111010100101000299
3	110100010111011165
3	1101000011000000299
3	1100000111000001642
3	110000010000000065
3	1100000011111111299
3	1100000000000000266
3	110000000000000011111111299
3	1011001110110011642
3	10101111299
3	1010100010101000612
3	1010011010100110612
3	1010010010100000299
3	101001000000000000000000299
3	1010000000100000299
3	1001000010000000299
3	1000010110000101612
3	10000001000001006
3	100000010000000100000000299
3	10000000224
3	1000000011111111224
3	100000001000000011111111299
3	10000000100000000110000065
3	100000000000000165
3	100000000000000100000000299
3	01111111453
3	0111111111111111108
3	0111111100001100299
3	011111110000100065
3	011111110000010001110111299
3	011111110000010001010111299
3	011111110000001065
3	011111110000000001111111299
3	01111011602
3	01111011580
3	01111011453
3	0111101101111011612
3	011101111111111165
3	011101110111011101010111299
3	01110111011000000000001065
3	011101110001000000000000299
3	01110111000001000000001065
3	01110111000001000000000065
3	0111010165
3	0111001111110111299
3	01110011011000000100000065
3	01110010453
3	0111001001110010612
3	0111001001110010532
3	0110100001111111299
3	0110100000101000299
3	011000006
3	01100000453
3	0110000001100000532
3	01011011453
3	0101101101011011612
3	0101101101011011532
3	01010111580
3	01010111578
3	0101011119
3	0101011101010111602
3	0101011101010111222
3	010101110101011100000000338
3	010101110000010100000000338
3	0101011100000000266
3	01010110571
3	01010110348
3	0101011001010110602
3	01010110010101106
3	0101011001010110359
3	0101011001010110266
3	01010110010101100000000000000000299
3	0101011001010100299
3	010101100000010100000000299
3	0101011000000000342
3	0101011000000000299
3	010101100000000010000000299
3	010101100000000000000000338
3	010101016
3	0101010100000000338
3	0101010001010100642
3	0101010001010100602
3	010101000101000065
3	010101000000000065
3	0101000111110111299
3	01000011453
3	0100001101000011612
3	0100001101000011532
3	010000016
3	010000011111111165
3	010000010100000165
3	010000001111011111111111299
3	010000000100000001110011299
3	00110111011000000000010065
3	00110110575
3	00110110299
3	0011011000110110612
3	0011011000000000266
3	001101000011000065
3	001101000001000065
3	0011010000000100001101006
3	0011000065
3	001100000000000011111111299
3	00101000000110000101100065
3	0010000001110111299
3	001000000010000011111111299
3	001000000010000000000000556
3	001000000000000001110111299
3	0001110100001101299
3	00011000526
3	000101010001010100000000299
3	00010000348
3	0001000019
3	0001000011111101299
3	000100000111111165
3	0001000001010000334
3	000100000011001165
3	000100000001100065
3	0001000000010000266
3	0001000000001101299
3	00010000000000006
3	0000100011110111299
3	0000100010000000299
3	0000100000000000000000000000000074
3	00000111575
3	000001110000011165
3	00000110453
3	0000011001111111299
3	000001100011011065
3	0000011000110100299
3	0000011000000110532
3	00000110000001000101011165
3	000001010000010011000001299
3	000001010000010001110000299
3	000001010000010000000111299
3	000001001111011111111111299
3	000001000100000000000000299
3	0000010000110111299
3	000001000011010065
3	0000010000110100299
3	0000010000110100108
3	000001000011000000000000299
3	0000010000010000000000000000000074
3	00000100000001000101011065
3	000001000000010000110111299
3	00000011453
3	0000001100000011532
3	0000001100000000266
3	00000010453
3	000000100111111165
3	0000001001111111224
3	0000001001111111108
3	0000001000000010602
3	0000001000000010532
3	0000001000000010299
3	00000010000000100111110065
3	000000100000000001110111299
3	000000010100000165
3	0000000100000001266
3	000000010000000111110111299
3	00000001000000006
3	00000000642
3	0000000011111111578
3	00000000111101110000000065
3	000000001100000165
3	0000000011000001602
3	000000001100000100000000222
3	0000000010100000299
3	000000000111000000000000222
3	00000000011000006
3	000000000101011065
3	0000000001010110612
3	0000000001010110338
3	0000000001010110266
3	000000000101011019
3	0000000001000001612
3	0000000001000001266
3	000000000100000101000001602
3	000000000100000100000000602
3	00000000010000010000000000000000299
3	0000000001000000000000000000000074
3	000000000011101165
3	0000000000110000526
3	000000000010100065
3	0000000000010000000000000000000074
3	0000000000000111299
3	000000000000011100000000222
3	000000000000000011010101299
3	000000000000000001010110299
3	00000000000000000101011001010110612
3	00000000000000000100000101000001612
3	000000000000000000110100299
3	00000000000000000000010165
3	000000000000000000000011299
3	00000000000000000000000074
3	0000000000000000000000000000000000000000474
2	1111111111000001299
2	1111111111000000338
2	1111111110000000612
2	1111111101110111299
2	1111111101110000299
2	1111111101101000338
2	111111110101011000000000299
2	1111111101000001299
2	111111110100000100000000299
2	1111111100011101338
2	111111110001110100000000299
2	1111111100010100338
2	111111110001010011111111299
2	1111111100010000111111116
2	111111110000110011111111299
2	111111110000110000000000299
2	1111111100000111299
2	11111111000001001111111100000100391
2	111111110000001165
2	111111110000000101111111299
2	111111110000000011110111299
2	11110111224
2	1111011111000001222
2	1111011101110000222
2	111101110101000019
2	1111011100000111338
2	1111011100000111222
2	111101110000011065
2	1111011100000100000001000011101165
2	111101110000000000000000391
2	1111001100000000266
2	1110111101100000299
2	1101011165
2	1101011101110111299
2	1101011011010110612
2	110101101000000000000000556
2	110101101000000000000000338
2	110100000000000000000000299
2	11000110575
2	11000110299
2	1100011011000110612
2	1100011000000000266
2	1100010165
2	110001016
2	11000101338
2	110001001100000065
2	110001000001000065
2	1100010000000100110001006
2	11000001474
2	110000011111111165
2	110000011000000000000000556
2	1100000000000100000001001111011165
2	10110011348
2	101100111000000000000000299
2	10110011011000001000000065
2	10110011000000000000000065
2	1010111165
2	1010111111000000299
2	1010111110101111642
2	1010111100001001299
2	1010110100000110299
2	101010010000000000000000299
2	10101000612
2	101010000010000000000000299
2	1010100000000000266
2	10100110453
2	1010011010100110532
2	101001100000000000000000299
2	1010010065
2	10100100299
2	1010000100101000299
2	101000001111111165
2	1010000000000000299
2	100100001111111165
2	1001000011111111299
2	1001000010010000299
2	1000110111110111338
2	10001000612
2	10001000299
2	10000110453
2	1000011010000110612
2	1000011010000110532
2	10000101571
2	100001011111111100000000299
2	1000010100000000266
2	1000001011010101338
2	1000000100000001224
2	1000000011110111224
2	1000000010110011299
2	100000001000100065
2	100000001000000010110011299
2	10000000100000000111100065
2	1000000000000101299
2	1000000000000100000000000000010074
2	1000000000000000602
2	0111111101111111532
2	011111110011000065
2	011111110000000101010101299
2	01111111000000001111011165
2	0111110065
2	0111101165
2	01111011299
2	0111101119
2	0111101101111011532
2	0111101101000000580
2	011110110000001000000000299
2	0111011110010000299
2	0111011101110111532
2	0111011101000001299
2	011101110010000000000000299
2	0111011100010100299
2	011101110000001011111111299
2	011101016
2	01110101338
2	01110101299
2	0111010065
2	01110100612
2	01110100299
2	0111010019
2	01110011453
2	0111001111110011299
2	0111001110000000299
2	0111001101110011532
2	01110011011000000000001065
2	0111001101000000299
2	011100110100000001110011299
2	0111001100110111299
2	0111001100011101299
2	0111001100001000299
2	011100110000010000110111299
2	011100110000001001110011299
2	0111001100000000222
2	01110010359
2	0111001019
2	011100100011001000000000299
2	011100100000000000000000299
2	01110000359
2	0111000019
2	011100001111111165
2	011100000110000065
2	011100000011000000000000299
2	011100000001000065
2	011100000000000065
2	0111000000000000602
2	01101000299
2	0110100011111111299
2	0110000001100000642
2	01100000011000006
2	011000000110000019
2	0110000000110000299
2	01100000000000006
2	0101101100000000580
2	010110110000000000000000000000000000000000000000391
2	01010101580
2	0101010100000000299
2	01010100571
2	01010100474
2	01010100348
2	01010100010101006
2	0101010001010100359
2	0101010001010100266
2	01010100010101000000000000000000299
2	010101000100000000000000556
2	0101010000000000342
2	010101000000000001000000299
2	010101000000000000000000338
2	01010011453
2	0101001101010011612
2	0101001101010011532
2	0101000101000001299
2	0101000000100000000000000010000074
2	010001010100000019
2	010001010010000000000000299
2	010001010000000000000000299
2	0100001100000000580
2	01000001612
2	01000001602
2	0100000101000001359
2	0100000101000001299
2	010000010000010100000000299
2	010000010000000010000000299
2	0100000010000000299
2	0100000001110011299
2	010000000111001100000000299
2	010000000100100065
2	0100000001000000334
2	01000000010000000111100065
2	010000000100000000000000338
2	0100000000101000299
2	0100000000100000000000000010000074
2	0100000000000100000000000000010074
2	010000000000000100000000299
2	001110110000001001110011299
2	0011101100000000222
2	001101110000001000110011299
2	001101110000001000000000299
2	001100111000000010110011299
2	0011001101110111299
2	00110011011000000101000065
2	00110011011000000000001065
2	0011001100101000299
2	001100110001000000000000299
2	0011001100001000299
2	0011001100000110299
2	0011001100000000299
2	0011001000110010299
2	00110000578
2	00110000571
2	00110000338
2	0011000011010111299
2	0011000001000100299
2	0011000000110011299
2	0011000000110000642
2	0011000000110000299
2	001100000001000000000000299
2	0011000000000100000001001111011165
2	00101110575
2	00101110299
2	0010111000101110612
2	0010111000000000266
2	001011000010100065
2	001011000001000065
2	0010110000000100001011006
2	00101000612
2	00101000602
2	0010100000101000612
2	001010000010000065
2	00101000000110000110000065
2	001001010000000000000000299
2	00100000578
2	00100000571
2	00100000359
2	00100000338
2	00100000224
2	001000001000000000010000299
2	0010000001000000299
2	001000000100000000000000299
2	0010000001000000000000000000000074
2	001000000011001100000000299
2	00100000001000001101011165
2	00100000001000000111100065
2	00100000001000000101011065
2	001000000010000000000000299
2	0010000000000100000000000000010074
2	0010000000000010000000000000000074
2	0001110100011101612
2	00011101000001006
2	000110010001000065
2	000110010000100165
2	0001100011110111299
2	0001100001111111299
2	000110000001000065
2	000101100000000000000000299
2	00010101571
2	0001010100010101642
2	0001010100000000266
2	00010100580
2	0001010001000100299
2	000101000001010065
2	000101000000000011111111299
2	0001001001111111299
2	000100001111110165
2	000100001001000065
2	0001000010010000108
2	000100001000000000000000299
2	0001000001111111299
2	0001000001111111108
2	000100000111000065
2	0001000001110000108
2	000100000110000000000000299
2	000100000101010065
2	0001000001010100299
2	000100000101000000000000299
2	0001000000110011299
2	000100000001100165
2	0001000000011001108
2	00010000000100001100000165
2	00010000000100000111100065
2	00010000000100000110000065
2	00010000000100000101100065
2	000100000000110165
2	000100000000100100000000299
2	000100000000010100000000299
2	00001110575
2	00001110299
2	0000111000001110612
2	0000111000000000266
2	000011011000010100000000299
2	0000110100000000299
2	00001100612
2	00001100602
2	000011000001000065
2	000011000000110065
2	0000110000001100612
2	0000110000000100000011006
2	000011000000000011111111299
2	00001010299
2	00001000580
2	000010001111011165
2	0000100010101000299
2	000010000111101165
2	00001000011000000000000065
2	0000100001000000299
2	00001000000110000110000065
2	0000100000010000000000000000000074
2	0000100000001000642
2	00001000000010001100000165
2	0000100000000100000000000000010074
2	0000100000000010299
2	0000100000000001299
2	000001116
2	0000011119
2	000001110001000065
2	0000011100000111642
2	0000011100000111338
2	0000011100000100000001116
2	000001110000001165
2	000001110000000100000000299
2	0000011011111111299
2	000001101100011065
2	0000011011000100299
2	000001100010111065
2	0000011000101100299
2	000001100000111065
2	0000011000001100299
2	000001100000011165
2	0000011000000111299
2	000001100000001000000000299
2	0000011000000000580
2	00000110000000000000000000000000391
2	00000101602
2	00000101578
2	0000010119
2	000001011100010111000000338
2	00000101108
2	000001010111010100110000338
2	000001010000011100000011338
2	000001010000011000000000299
2	0000010100000101602
2	0000010100000101299
2	000001010000000019
2	00000100453
2	000001001100010065
2	0000010011000100299
2	0000010011000100108
2	000001001100000000000000299
2	000001001000000000000000299
2	0000010010000000000000000000000074
2	000001000101010065
2	0000010001010100334
2	0000010001010100299
2	000001000100010065
2	000001000010110065
2	0000010000101100299
2	0000010000101100108
2	000001000010100000000000299
2	0000010000100000000000000000000074
2	000001000001000000000000299
2	0000010000001100299
2	0000010000001100108
2	000001000000110000000000299
2	000001000000100000000000299
2	0000010000001000000000000000000074
2	000001000000011165
2	0000010000000111108
2	0000010000000101299
2	0000010000000100532
2	00000100000001001100000165
2	000001000000010000000010299
2	000001000000001100000000299
2	0000010000000010299
2	0000010000000010000000000000000074
2	0000010000000001000000000000000074
2	0000010000000000338
2	0000001101111111299
2	00000011000001006
2	0000001100000100000001001111011165
2	0000001100000000580
2	000000110000000011111111299
2	000000110000000000000000391
2	0000001011110111299
2	00000010111101111111111165
2	000000101000000000000000299
2	0000001001111111299
2	000000100111101165
2	000000100111001165
2	000000100011011165
2	000000100011001165
2	0000001000110011299
2	000000100011001000000000299
2	000000100000101065
2	0000001000000100000000000000010074
2	0000001000000100000000000000000074
2	000000100000001001110011299
2	00000010000000100101011065
2	000000100000001000110011299
2	0000001000000010000000000000000074
2	0000001000000000602
2	0000001000000000580
2	0000001000000000000000000000000000000000391
2	000000010111111100000000299
2	000000010011001165
2	0000000100110011299
2	0000000100000101299
2	0000000100000100000000000000010074
2	0000000100000010299
2	00000001000000010110000065
2	000000010000000065
2	00000000111111111111111165
2	0000000011010110612
2	00000000110000010000000000000000299
2	0000000011000000526
2	000000001011001165
2	0000000010110011299
2	000000001011001110110011612
2	0000000010010000299
2	000000001000010100000000299
2	000000000111101165
2	0000000001100000266
2	000000000101100065
2	0000000001010101299
2	0000000001010100612
2	0000000001010100338
2	0000000001010100299
2	0000000001010100266
2	000000000101010019
2	00000000010101000000000000000000299
2	0000000000110010299
2	000000000011001000110010612
2	0000000000110000359
2	000000000011000000110000612
2	0000000000100000578
2	0000000000100000000000000010000074
2	0000000000100000000000000000000074
2	0000000000100000000000000000000065
2	0000000000010101526
2	000000000001010065
2	0000000000001000526
2	00000000000010001111111100001000391
2	000000000000100000001000612
2	000000000000010165
2	0000000000000101474
2	000000000000010100000101612
2	0000000000000011526
2	00000000000000106
2	000000000000001001000000299
2	000000000000001000010000299
2	00000000000000100000001065
2	0000000000000000554
2	0000000000000000333
2	0000000000000000110001010000000000000000299
2	000000000000000011000100299
2	000000000000000010110011299
2	000000000000000010010000299
2	000000000000000001110101299
2	0000000000000000011101010000000000000000299
2	000000000000000001110000299
2	000000000000000001000001299
2	000000000000000000110010299
2	000000000000000000101100299
2	00000000000000000010010165
2	000000000000000000011001299
2	0000000000000000000011000000000000000000299
2	000000000000000000000111299
2	000000000000000000000000571
2	000000000000000000000000391
2	00000000000000000000000001000000299
2	0000000000000000000000000010000065
2	00000000000000000000000000000001299
2	00000000000000000000000000000000391
2	00000000000000000000000000000000100000000000000000000000299
2	00000000000000000000000000000000001000000000000000000000299
2	00000000000000000000000000000000000010000000000000000000299
2	0000000000000000000000000000000000000010299
1	539
1	474
1	1111111111110111111111116
1	111111111111011111110111299
1	1111111111000100266
1	111111111100000111111111299
1	111111111100000100000000299
1	11111111110000006
1	111111111010000065
1	111111111010000011111111299
1	111111111010000000000000299
1	1111111110010000299
1	111111111001000000000000299
1	1111111110000101338
1	1111111110000101266
1	111111111000010100000000299
1	11111111100000001111111110000000391
1	1111111110000000108
1	11111111100000000111011165
1	111111110111011100000000299
1	111111110111000011111111299
1	111111110111000000000000299
1	1111111101101100266
1	11111111011000001111111165
1	111111110101000001111111299
1	111111110100100065
1	111111110100000111111111299
1	11111111010000001111111101000000391
1	111111110100000001110111299
1	11111111010000000111011101000000391
1	1111111101000000010000001111111101000000391
1	111111110011000065
1	111111110010100011111111299
1	1111111100100000580
1	11111111001000001111111100100000391
1	1111111100010100266
1	11111111000100001111111100010000391
1	1111111100010000111101116
1	111111110000110065
1	11111111000010001111111100001000391
1	1111111100001000000010000111011100001000391
1	1111111100001000000000000000000074
1	1111111100000111338
1	111111110000011111111111299
1	111111110000011011111111001000000010000000100000391
1	1111111100000101011111116
1	1111111100000100602
1	1111111100000100000001001111111100000100391
1	111111110000010000000010299
1	1111111100000011338
1	11111111000000101111111100000010391
1	111111110000001000000010299
1	11111111000000011111111100000001391
1	1111111100000001108
1	1111111100000000391
1	1111111100000000359
1	11111111000000001111111111111111359
1	111110111000000000000000299
1	11110111359
1	11110111111111116
1	1111011111111111266
1	111101111111011100000101299
1	111101111000100000000000299
1	111101111000000010000000391
1	111101110111111165
1	11110111011000001000000065
1	11110111011000000000000065
1	111101110100000019
1	111101110100000011111111299
1	11110111001000000111011100100000391
1	111101110000110100000000299
1	111101110000100019
1	1111011100001000111111111111111100001000391
1	111101110000010019
1	1111011100000100000001000000001065
1	1111011100000100000000000000010074
1	111101110000001019
1	111101110000000011110111299
1	11110111000000000000000000000000391
1	1111011100000000000000000000000000000000391
1	111101010010100065
1	11110011011000000100000065
1	1110111110000000299
1	1110111101000001299
1	111011110100000000000000299
1	111011110001000000000000299
1	111011110000000100000000299
1	1110100065
1	1110100019
1	1110100011101000612
1	11101000011000000000000065
1	111001110001000019
1	1101011111010111612
1	110101110111011165
1	1101011100000000299
1	11010110612
1	1101011010000000299
1	110101100010000000000000299
1	1101010165
1	11010101612
1	1101010111010101642
1	1101010111010101612
1	110101010010000000000000299
1	11010101000000006
1	110100001111011165
1	110100001100000065
1	1101000001010101299
1	110100000001000065
1	11000111299
1	1100011101110000299
1	110001110100000000000000299
1	110001110010000019
1	110001110000000000000000299
1	11000001612
1	11000001602
1	11000001526
1	110000011111011111111111299
1	1100000111000001602
1	110000011000000000000000338
1	11000001010101006
1	110000010001000000000000299
1	1100000100000000602
1	11000001000000006
1	1100000100000000266
1	11000000111111116
1	110000001111011111111111299
1	1100000011000000642
1	1100000010000000224
1	110000001000000000000000299
1	11000000000001006
1	1100000000000100000001001100010165
1	10111110453
1	1011111010111110612
1	101101100000100000001000391
1	101101100000010000000100391
1	1011011000000000580
1	101101100000000000000000391
1	101101100000000000000000000000000000000000000000391
1	101100110010000000110011299
1	101100110010000000000000299
1	1011001100000000222
1	101100110000000001111111299
1	101011111000000000000000299
1	1010111100100000299
1	101011110010000000000000299
1	101011110000100000000000299
1	1010101010101010612
1	1010100165
1	10101001299
1	1010100110101001642
1	101010010000010000000000299
1	10101000602
1	10101000580
1	101010000100000011110011299
1	101010000100000000000000299
1	101010000000001000000000299
1	10100110575
1	10100110299
1	101001100001000000010000391
1	1010011000000000580
1	1010011000000000266
1	1010011000000000000000000000000000000000391
1	101001001010000065
1	101001000001000065
1	1010010000000100101001006
1	1010000065
1	10100000612
1	10100000602
1	1010000010100000612
1	101000000000000011111111299
1	100101011111011165
1	100101010000010000000000299
1	10010000612
1	10010000602
1	100100001111011165
1	1001000011110111299
1	100100001001000065
1	1001000010010000612
1	100100001000000065
1	100100000100000000000000299
1	1001000000010000299
1	1001000000000000299
1	100100000000000011110111299
1	1000100065
1	10001000602
1	10001000580
1	10001000348
1	1000100019
1	100010001111011100000000299
1	1000100010001000642
1	100010001000000000000000299
1	100010000010000000000000299
1	10001000000000000000000065
1	100010000000000000000000299
1	100001100010000000100000391
1	1000011000000000580
1	10000110000000000000000000000000391
1	10000101526
1	1000010111110111299
1	10000101108
1	1000010110010000299
1	1000010110000001338
1	1000010100000101299
1	100001010000010100000000299
1	10000101000000006
1	10000010100000010111110065
1	10000010100000010110000065
1	10000010100000010101100065
1	10000010100000010101011065
1	10000001111111116
1	1000000111000000299
1	1000000101010101299
1	100000010010000000000000299
1	10000001000000006
1	10000000562
1	10000000111111111111111165
1	100000001111111111111111299
1	100000001111101165
1	100000001111011165
1	1000000011110111299
1	100000001111011100000000299
1	100000001111001165
1	1000000011000000299
1	10000000100000010110000065
1	1000000010000000299
1	1000000010000000224
1	100000001000000001010000299
1	100000000111111100000000299
1	100000000111011100000000299
1	100000000101000011111111299
1	100000000100000011110011299
1	100000000010000000000000299
1	100000000001000000000000299
1	10000000000010001000100065
1	100000000000010165
1	100000000000010001110011299
1	100000000000010000000101299
1	100000000000000111111111299
1	100000000000000101111111299
1	1000000000000000222
1	100000000000000010001000299
1	01111111011000000101000065
1	011111110100000011111111299
1	011111110000110065
1	0111111100000110011111116
1	011111110000000100000001391
1	0111111100000000580
1	011111110000000001111011299
1	01111111000000000000000000000000391
1	01111011348
1	0111101101111011642
1	01111011011000000000000065
1	011110110010100000000000299
1	0111101100001000010000000000100001000000391
1	011110110000100000000000299
1	011110110000010000000100391
1	0111101100000010580
1	011110110000000000111011299
1	01111011000000000000000065
1	011110110000000000000000299
1	01110111453
1	0111011110000000299
1	01110111100000001111111110000000391
1	01110111100000001111011165
1	011101111000000000000000299
1	011101110111011165
1	0111011101110111266
1	011101110111011119
1	011101110111011101110111612
1	011101110111011100000101299
1	01110111011000001000000065
1	01110111011000000101000065
1	011101110101000011111111299
1	011101110100010000000000299
1	011101110010000001110111299
1	011101110001010001110111299
1	011101110001000011111111299
1	011101110000100001111111299
1	011101110000010100000000299
1	011101110000010000110111299
1	0111011100000100000001000000100065
1	011101110000010000000010299
1	011101110000000111111111299
1	0111011100000000580
1	0111011100000000000000000000000000000000391
1	01110101612
1	01110100602
1	01110100580
1	01110100348
1	0111010001110100642
1	01110100011000000100000065
1	011101000100000000110111299
1	01110100000000000000000065
1	011101000000000000000000299
1	01110011526
1	011100111111011119
1	011100111111011111110111612
1	011100111000000011110011299
1	0111001101110111299
1	011100110101000000110011299
1	011100110100000065
1	0111001101000000602
1	0111001101000000266
1	011100110100000001110100299
1	011100110010000065
1	0111001100100000602
1	01110011001000000011001100100000391
1	011100110001110101111111299
1	011100110001000000110111299
1	011100110001000000000000299
1	011100110000100001111011299
1	0111001100001000010000000000100001000000391
1	011100110000100000111011299
1	011100110000010100000000299
1	0111001100000100299
1	011100110000000100000000299
1	0111001000110011299
1	0111001000110010299
1	01110010001000000111001100100000391
1	011100100000001065
1	0111001000000010602
1	01110010000000100011001000000010391
1	011100100000000065
1	0111001000000000602
1	0111001000000000580
1	01110010000000000000000000000000391
1	0111000065
1	01110000612
1	01110000602
1	011100001111011111111111299
1	0111000001110000612
1	0111000000110010299
1	0111000000110000299
1	01101000111111116
1	0110100000101000224
1	011010000010100000000000299
1	01101000000001006
1	011010000000000000000000299
1	011001011111011165
1	0110000165
1	0110000119
1	01100001011000000000010165
1	0110000060
1	01100000578
1	01100000575
1	01100000526
1	01100000334
1	01100000224
1	011000001000000010001000299
1	011000000110000065
1	011000000100000000000000299
1	011000000010000065
1	0110000000100000602
1	01100000001000000110000000100000391
1	011000000010000000000000299
1	01100000000000100111000000000010391
1	011000000000000100000001299
1	0110000000000000639
1	0110000000000000580
1	0110000000000000011000006
1	01100000000000000000000000000000391
1	0101110001011100642
1	01011011011100110000001000000010391
1	010110001111111165
1	010101110000000111010101299
1	010101110000000101110101299
1	010101106
1	01010110359
1	01010110224
1	010101100101011065
1	0101011000000000000000000000000074
1	01010101571
1	01010101348
1	010101011100010111000000338
1	010101010111010100110000338
1	0101010101010101642
1	0101010101010101602
1	01010101010101016
1	0101010101010101266
1	01010101010101010000000000000000299
1	0101010101010100299
1	010101010000011100000011338
1	010101010000011000000000299
1	010101010000000101111111299
1	010101010000000101010101299
1	010101010000000065
1	0101010100000000342
1	010101010000000000000000338
1	01010100526
1	01010100359
1	01010100224
1	010101001100000165
1	010101000101010065
1	01010100010000010100000065
1	010101000100000000000000338
1	010101000000100000000000299
1	010101000000011000000000299
1	0101010000000000612
1	0101010000000000602
1	0101010000000000266
1	010100110000100000001000391
1	0101001100000000580
1	0101001100000000000000000000000000000000391
1	010100011111011165
1	010100010100000165
1	010100010001000000000000299
1	0101000001010110000000000101011074
1	0101000001000000000000000100000074
1	0101000000010000299
1	0101000000010000000000000001000074
1	010100000000100000000000299
1	0101000000000010000000000000001074
1	010010000100000065
1	010001111000000019
1	0100010101000000299
1	010001010000010019
1	010001010000010000000000299
1	010001010000001019
1	01000100612
1	01000100602
1	010001000111011165
1	010001000111010065
1	0100010001000100612
1	010001000100000001110100299
1	010000110001000000010000391
1	010000110000000000000000391
1	01000011000000000000000000000000391
1	01000001359
1	01000001224
1	010000010111011165
1	0100000101110111299
1	010000010100000065
1	010000010010000011111111299
1	010000010000011000000000299
1	01000001000000110110000065
1	01000001000000110101100065
1	01000001000000110101011065
1	0100000100000000612
1	010000010000000001110111299
1	01000000578
1	01000000571
1	01000000359
1	01000000338
1	01000000224
1	010000001111111111111111299
1	010000001000000065
1	010000001000000000000000299
1	0100000001110000299
1	0100000001010111222
1	010000000101000011111111299
1	010000000100000100000000299
1	0100000001000000224
1	010000000100000011110111299
1	0100000001000000108
1	010000000010100065
1	010000000010000011111111299
1	010000000001000000000000299
1	010000000000010000000101299
1	010000000000001000000010299
1	010000000000000101010101299
1	0100000000000000602
1	0100000000000000359
1	00111011011000000000100065
1	001110110101000001110111299
1	00110111011000000001000065
1	001101110010000000000000299
1	001101110000110100000000299
1	001101110000000100110011299
1	001101110000000100000000299
1	001101110000000000110011299
1	001101110000000000000100299
1	00110011011000000010000065
1	00110011011000000001000065
1	00110011011000000000000165
1	001100110101000000110011299
1	001100110100000001110011299
1	0011001100100000266
1	001100110010000000000000299
1	001100110001000000110011299
1	001100110000010000110111299
1	001100110000000100000000299
1	0011001100000000222
1	0011001000110010642
1	0011001000000010266
1	001100100000001000000000299
1	0011001000000001299
1	0011001000000000299
1	0011000011111111299
1	001100001111011111111111299
1	001100001101011165
1	001100000100010001110100299
1	001100000011001100000000299
1	001100000011000000000000299
1	001100000010000065
1	0011000000000100000001000111010065
1	0011000000000010299
1	001010000111101165
1	001010000011101165
1	0010100000111011299
1	00101000000110000101011065
1	001010000000000011111111299
1	001010000000000000111011299
1	001000001011001165
1	001000000111111165
1	00100000011000001100000165
1	00100000011000000110000065
1	001000000101000011111111299
1	001000000101000001110111299
1	001000000100000065
1	001000000100000011111111299
1	001000000011011165
1	0010000000110000299
1	0010000000100000642
1	0010000000100000602
1	0010000000100000359
1	0010000000100000299
1	00100000001000000111110065
1	001000000010000000110011299
1	0010000000100000000000000010000074
1	0010000000100000000000000000000074
1	0010000000010000299
1	0010000000010000000000000001000074
1	001000000000010001110011299
1	001000000000000111110111299
1	0010000000000000602
1	0010000000000000359
1	00011101612
1	00011101602
1	000111011111111165
1	00011101108
1	000111010111111165
1	0001110100011101338
1	0001110100001101224
1	000111010000110100000000299
1	000111010000000001111111299
1	000110000111111165
1	000110000001000011111111299
1	000110000000100065
1	00010110575
1	00010110299
1	0001011000010110612
1	0001011000000000266
1	00010101224
1	0001010111111111338
1	000101011111011165
1	00010101000000006
1	00010100571
1	00010100348
1	00010100111111116
1	000101000111011165
1	00010100010000010100000065
1	0001010000010100642
1	0001010000010100602
1	00010100000101006
1	0001010000010100266
1	0001010000010100224
1	00010100000101000100010065
1	000101000001010000000000299
1	00010100000101000000000000000000299
1	000101000001000065
1	00010100000001006
1	0001010000000100000101006
1	000101000000001011111111299
1	000101000000001001110111299
1	000101000000000100000000299
1	0001010000000000612
1	0001010000000000342
1	000101000000000000000000338
1	000100100111111165
1	0001000101000001299
1	0001000011111101108
1	000100001101011100000000299
1	0001000011010101224
1	000100001101000065
1	0001000011010000108
1	000100001100000000000000299
1	0001000010010000224
1	000100001001000000000000299
1	000100000111011100000000299
1	000100000111001165
1	0001000001010111222
1	0001000001010100334
1	0001000001010100224
1	000100000101010000000000299
1	000100000101000165
1	0001000001010001108
1	0001000001010000224
1	000100000101000000110011299
1	000100000100000100000000299
1	0001000001000000000000000100000074
1	000100000011000065
1	0001000000110000224
1	0001000000110000108
1	000100000010000000000000299
1	0001000000011000108
1	000100000001010000000000299
1	0001000000010000642
1	000100000001000000110011299
1	000100000000010001110011299
1	000100000000000111110111299
1	000100000000000101010111299
1	0001000000000000338
1	000011016
1	00001101567
1	000011011111011100000000299
1	000011010111111100000000299
1	000011010000110165
1	0000110100001101299
1	0000110100001101108
1	000011010000100065
1	000011010000100000000000299
1	000010100000001065
1	000010010000000165
1	00001000578
1	00001000571
1	00001000554
1	00001000359
1	00001000338
1	0000100011111111000000001111111174
1	000010000101000011111111299
1	000010000101000001111111299
1	000010000100000000000000299
1	000010000011101165
1	0000100000111011299
1	000010000010000001000001299
1	000010000010000000100000299
1	000010000010000000000000299
1	00001000000110000101100065
1	000010000001000011111111299
1	000010000000110165
1	000010000000100065
1	000010000000100000111011299
1	00001000000010000000100065
1	000010000000100000001000299
1	000010000000100000000000359
1	000010000000010001110011299
1	000010000000001000000000299
1	000010000000000111110111299
1	000010000000000101111111299
1	0000100000000000222
1	00001000000000001111111111111111359
1	000010000000000001111111299
1	000010000000000001111011299
1	000010000000000001000000299
1	000010000000000000100000299
1	000010000000000000001000299
1	000010000000000000000010299
1	00001000000000000000000065
1	00000111580
1	00000111562
1	00000111526
1	00000111474
1	00000111348
1	000001111111011111111111299
1	0000011111000001299
1	00000111108
1	00000111011000000000000065
1	00000111000001116
1	000001110000011100000000299
1	00000111000001016
1	000001110000010100000001299
1	0000011100000011338
1	0000011100000000222
1	000001110000000000000111299
1	00000111000000000000000065
1	00000110580
1	00000110567
1	000001101010011065
1	0000011010100100299
1	000001101000000010000000391
1	000001100111011165
1	000001100011011165
1	0000011000110111299
1	000001100010000011111111299
1	000001100010000000000000299
1	000001100001011065
1	0000011000010100299
1	000001100001000000110111299
1	000001100000100000000000299
1	0000011000000011299
1	000001100000001065
1	0000011000000010222
1	0000011000000010108
1	00000101575
1	00000101474
1	000001010100000019
1	000001010100000000000000299
1	000001010001000065
1	000001010000110165
1	0000010100001101108
1	000001010000110100000000299
1	000001010000100000000000299
1	0000010100000111222
1	0000010100000101642
1	000001010000010100000000299
1	0000010100000100000001016
1	0000010100000001108
1	0000010100000000612
1	00000101000000006
1	0000010100000000359
1	000001010000000000001000299
1	0000010100000000000000000000000074
1	00000100359
1	000001001111011100000000299
1	0000010011000001222
1	000001001010010065
1	0000010010100100299
1	0000010010100100108
1	000001001010000000000000299
1	0000010010000101266
1	0000010001110000222
1	0000010001010100224
1	0000010001010100108
1	000001000101000011111111299
1	000001000101000000000000299
1	000001000100000000110111299
1	0000010000011101266
1	000001000001010065
1	0000010000010100299
1	0000010000010100108
1	000001000001010000000000299
1	000001000000110100000000299
1	0000010000000111266
1	0000010000000100642
1	00000100000001000000001065
1	000001000000001011111111299
1	000001000000001001110111299
1	000001000000001000000010391
1	0000010000000010000000000000001074
1	000001000000000111110111299
1	0000010000000000580
1	0000010000000000359
1	000001000000000000000000391
1	000000116
1	000000111111011111111111299
1	000000110100000001000000391
1	0000001100000100000001000000011165
1	0000001100000011642
1	0000001100000010224
1	000000110000001000000000299
1	00000010359
1	00000010224
1	0000001011111111108
1	000000101111011165
1	000000101111011100000000299
1	000000101000000000000001299
1	000000100111111100000000299
1	000000100101010000000000299
1	000000100101000011111111299
1	0000001000100000000000000000000074
1	00000010000001100110000065
1	00000010000001100101100065
1	000000100000010001110111299
1	000000100000010000000010299
1	0000001000000011299
1	00000010000000106
1	0000001000000010338
1	000000100000001001110111299
1	00000010000000100000000000000000299
1	000000100000000111110111299
1	000000100000000101111111299
1	000000100000000100000001391
1	0000001000000000359
1	0000001000000000342
1	00000010000000000000000065
1	000000100000000000000000338
1	00000001580
1	00000001578
1	00000001571
1	00000001338
1	000000011111111111111111299
1	000000011111011165
1	0000000111110111299
1	0000000111000001299
1	000000010111001165
1	0000000101010111222
1	000000010101010165
1	0000000101010101299
1	000000010101010000000000299
1	000000010101000000110011299
1	0000000101000001334
1	0000000101000001224
1	000000010100000011110111299
1	000000010011011165
1	000000010011001100000000299
1	000000010000100165
1	000000010000011165
1	0000000100000111222
1	000000010000010165
1	000000010000010100000001299
1	000000010000010001110011299
1	000000010000001065
1	000000010000001000000000299
1	0000000100000001642
1	0000000100000001338
1	000000010000000101010111299
1	000000010000000101010101299
1	000000010000000100110011299
1	000000010000000100000000299
1	00000001000000000000000065
1	000000001111111111111111359
1	00000000111101116
1	000000001111001165
1	0000000011110011299
1	000000001111001111110011612
1	0000000011010111299
1	00000000110101106
1	0000000011010110266
1	00000000110101100000000000000000299
1	000000001101010165
1	0000000011010101602
1	0000000011010101526
1	0000000011000101526
1	0000000011000001612
1	00000000110000016
1	0000000011000001526
1	0000000011000001299
1	0000000011000001266
1	00000000110000011100000165
1	00000000110000000000000000000000299
1	000000001010100065
1	0000000010101000299
1	000000001010100010101000612
1	000000001010000065
1	000000001001000065
1	0000000010010000526
1	0000000010001000299
1	000000001000000100000000299
1	00000000100000006
1	000000000111111101111111612
1	0000000001110101526
1	0000000001110011474
1	000000000111000065
1	00000000011100000000000000000000299
1	0000000001100000642
1	0000000001100000639
1	0000000001100000602
1	000000000110000000000000299
1	0000000001010111299
1	0000000001010110602
1	00000000010101106
1	000000000101010165
1	0000000001010101612
1	0000000001010101338
1	0000000001010101266
1	000000000101010119
1	00000000010101010000000000000000299
1	000000000101010065
1	0000000001010100602
1	00000000010101006
1	0000000001010100526
1	00000000010101000101010065
1	000000000101000000000000299
1	00000000010000016
1	000000000100000100000000299
1	00000000010000006
1	0000000001000000578
1	0000000001000000359
1	000000000100000001110011299
1	0000000001000000000000000000000065
1	000000000011001100000000299
1	00000000001100000000000000000000299
1	00000000001000006
1	0000000000100000359
1	00000000001000000110000000100000391
1	00000000001000000010000065
1	000000000010000000100000612
1	000000000010000000100000299
1	000000000001110100000000299
1	0000000000010100338
1	000000000001010019
1	0000000000010000000000000001000074
1	0000000000001101299
1	000000000000110100000000299
1	00000000000011010000000000000000299
1	000000000000101065
1	0000000000001000578
1	0000000000001000359
1	0000000000001000266
1	000000000000100019
1	000000000000100000001000359
1	000000000000100000001000299
1	000000000000011165
1	0000000000000111526
1	000000000000011100000111299
1	000000000000011100000000299
1	00000000000001110000000000000000299
1	000000000000011000000110612
1	0000000000000101602
1	000000000000010119
1	0000000000000101000000000000000074
1	000000000000010000000100391
1	0000000000000100000001001011001165
1	0000000000000100000001001000000065
1	0000000000000100000001000111011165
1	0000000000000100000001000111001165
1	0000000000000100000001000011001165
1	0000000000000100000001000000011165
1	0000000000000100000001000000010165
1	0000000000000100000001000000000165
1	00000000000000110000000000000000299
1	0000000000000010612
1	0000000000000010578
1	0000000000000010338
1	000000000000001019
1	000000000000001000000100299
1	000000000000001000000010391
1	000000000000001000000001299
1	0000000000000010000000000000001074
1	0000000000000010000000000000000065
1	0000000000000001359
1	0000000000000001000000000000000174
1	0000000000000000581
1	0000000000000000348
1	0000000000000000326
1	000000000000000011110011299
1	000000000000000011010111299
1	00000000000000001101011111010111612
1	000000000000000011010101338
1	000000000000000011010000299
1	0000000000000000110000010000000000000000299
1	000000000000000010101000299
1	000000000000000010100100299
1	000000000000000010100000299
1	0000000000000000101000000000000000000000299
1	0000000000000000100100000000000000000000299
1	00000000000000000111011101110111612
1	000000000000000001110101338
1	0000000000000000011100000000000000000000299
1	0000000000000000011000006
1	00000000000000000101010101010101612
1	00000000000000000101010001010100612
1	0000000000000000010001000000000000000000299
1	00000000000000000100000001000000612
1	0000000000000000000111010000000000000000299
1	00000000000000000001000000010000612
1	00000000000000000000100065
1	00000000000000000000010000000100612
1	0000000000000000000000005
1	00000000000000000000000001100000299
1	0000000000000000000000000000100065
1	00000000000000000000000000000100299
1	00000000000000000000000000000010299
1	0000000000000000000000000000000165
1	00000000000000000000000000000000642
1	00000000000000000000000000000000602
1	000000000000000000000000000000006
1	00000000000000000000000000000000526
1	0000000000000000000000000000000011010101299
1	00000000000000000000000000000000010000000000000000000000299
1	0000000000000000000000000000000000100000299
1	00000000000000000000000000000000000100000000000000000000299
1	00000000000000000000000000000000000001000000000000000000299
1	00000000000000000000000000000000000000100000000000000000299
1	00000000000000000000000000000000000000010000000000000000299
1	0000000000000000000000000000000000000000526
1	000000000000000000000000000000000000000000000000612
