83433	0000299
56088	000000000000299
27275	00000000299
26878	000065
22535	00000000612
19746	00000000266
18844	00006
18747	0000338
13681	0000000065
12115	0000526
8306	0100299
7387	000000006
7135	1010299
5538	299
5273	00000000334
4669	000019
4415	00000000338
4309	0000612
4124	0000474
3865	010000000000299
3801	00000000526
3787	0000000000006
3757	1000299
3750	0111299
3361	0000578
3039	0001299
2980	101000000000299
2564	011100000000299
2537	00000000222
2447	00000000474
2304	101065
2262	0000580
2253	0010299
2241	000100000000299
2159	00000000602
2131	00000000642
2120	10101010299
2012	00000000000000000000299
1884	100000000000299
1819	1111299
1793	01000000266
1788	01010111338
1639	0000224
1627	10101010101065
1553	000010106
1540	011165
1516	10101000299
1493	10101010642
1487	000001000100000065
1480	01000100224
1443	10001010299
1431	1010224
1429	1010359
1321	001000000000299
1246	111100000000299
1195	00000000598
1069	01110111299
1047	0101299
1012	0110299
965	00000000000065
900	0000000000000000612
851	011000000000299
845	00101010299
797	0000602
788	01010100299
786	111165
772	0000359
764	00110111299
739	00000000580
732	01011111338
732	0000348
728	10006
724	0000000000000000299
685	010100000000299
649	0000575
649	00000000224
648	01006
645	00000000359
617	000001000000299
612	10101010612
603	000001010000299
575	00016
566	000000000000327
564	11111111299
560	000000000000612
548	00000000000000000000327
534	000000000100299
500	000000000001299
498	1100299
497	01000100299
486	1000526
485	01011100011165
485	00010001011165
474	01010011011165
474	01000100011165
473	01000000299
471	74
467	01000100612
457	10000000266
455	010065
447	0000000019
437	000000001000299
436	110000000000299
423	00010001612
398	10000000299
396	11001000299
388	000165
384	01116
384	01100100299
379	00100000266
363	10101010100065
361	0010526
360	00000000578
339	0111011165
336	000000000010299
333	1101299
328	00001000299
323	11110000266
319	000000000000000065
311	0000571
308	1111612
306	01100000266
304	00000100299
303	0011299
303	00110010299
303	001100000000299
300	10001000612
298	000000000000555
292	1000474
291	01011100111165
291	00010001111165
290	00010000266
270	00100000299
268	10001101338
267	000011000000299
257	000001100000299
254	11000100299
253	0000554
250	1010580
247	101000001000299
238	00000001299
234	011019
234	0001474
232	0110359
230	0010474
227	00106
227	00000000000019
225	00001000474
224	11001111299
224	00100010612
222	01010101299
219	01100110299
216	0110612
215	30
212	110100000000299
207	0110000065
204	000000000000338
203	01100000602
194	111119
191	10101010359
191	01110101299
190	010165
186	10001000299
185	101010000000556
183	1000100065
183	00000010299
179	01100000299
168	000000000000474
165	0000110165
163	00000010474
162	100065
162	000000010000299
157	110165
157	0000100000000000299
154	000101000000299
143	43
142	00100110338
140	000010000000299
139	01016
139	00010000299
138	10010101299
138	0001526
136	000119
134	01100101299
134	0010001065
132	00100111338
131	010000010000299
131	000000000000000074
129	10100000299
129	0100580
129	010019
129	000000100000299
129	000000000000326
128	000100010000338
128	0000010000000000299
126	010001000000338
126	0001580
124	1111453
124	11111111612
124	10101010602
123	11111111532
123	101010106
123	10101010266
123	10100000342
123	101000000000338
123	00001010338
123	0000000100000000299
122	11116
122	111111110000299
122	00000100266
122	00000001266
121	11010001299
120	109
119	00001111299
119	000000000000602
118	1111359
118	000011111111612
118	000000001111299
117	0100010065
116	011001100000299
115	11011101612
115	0000334
114	00000110299
112	000000000110299
112	0000000000000000109
110	000001100110612
109	0100474
108	0100000065
106	11110111299
106	1000000065
106	00000001526
102	639
102	0000108
101	01000100266
100	00001000602
99	11010000299
99	001065
99	00100010299
99	00000000639
97	100000100000299
97	0000000068
96	01100110612
96	0000100065
95	1000224
95	01000000222
93	1111111165
93	11111111642
93	0010101065
93	00000000556
91	0000000000000000474
90	1010612
89	1111000065
89	11110000602
89	0110453
89	01100110532
89	000000000000526
88	0000001000000000299
87	0100526
86	1000612
79	000000000000266
78	00000000100000000000299
77	0000000000000000266
75	01010011111165
75	01000100111165
73	1110612
72	00000000000000000000326
71	100010000000299
71	0101010165
70	11011000299
70	0101010065
69	0100348
67	010000006
67	000000000000100000000000299
66	1110299
66	01010011110165
66	01000100110165
66	0001348
66	000000000000224
66	000000000000001000000000299
65	0001110165
65	00010001266
65	000100006
64	1101100019
64	1010571
64	1010348
64	1010101000000000299
64	10100000612
64	100010000000000074
64	10000000602
64	01011100110165
64	01010101612
64	00010001110165
64	0000101019
63	1010111165
63	10000100299
63	0111010165
62	100011110000299
61	11110000299
61	10000010299
60	111065
58	111019
58	1010602
58	10101000100065
58	00000000101000000000299
57	01100110642
56	11111010299
56	1111000111110001391
56	0100110065
56	000111110000299
54	0110010001100100391
54	010001000000299
54	000000005
54	000000000000581
53	1010111065
52	1000101065
52	01101010299
50	100001000000299
50	010001100000299
47	000000000000642
45	10101000101000000000327
44	1000111165
43	0111612
43	0001000165
42	111110000000299
42	110110000000299
42	01110000266
41	011001000000299
41	0010011165
41	001001110000299
40	1000571
39	110100010000299
39	1000578
39	1000338
39	1000110165
39	00001000359
39	00000100526
39	000000000000100065
38	11110110100065
38	111000000000299
38	11011101299
38	0010578
38	0010571
38	0010338
37	1111580
37	010010000000299
36	1111602
36	1111348
36	11110000580
36	11110000000065
36	10000001299
36	0000110065
35	111110001111299
35	0001602
35	0001000065
35	00000100602
34	1101000165
34	100000000000000074
34	0100602
34	0100571
34	0100359
34	010000000000000074
34	0001359
34	00001000526
34	00000010602
34	00000010526
34	00000001602
34	000000000000010000000000299
33	1100010065
33	01010011011065
33	0100578
33	0100338
33	0100224
33	01000100011065
33	001010000000299
33	0010000065
33	0001224
33	000100100000299
33	000100000000000074
33	000010000000100074
33	00000100359
33	000001000000010074
33	00000010359
33	000000100000001074
33	000000000000001065
33	0000000000000010299
32	111110100000299
32	1111011165
32	1010001065
32	1001000165
32	01011100011065
32	001000100000299
32	0001578
32	0001571
32	0001338
32	000101001000299
32	00010001011065
32	00010000359
32	000011110000299
32	00000001359
32	000000010000000174
32	000000010000000065
32	0000000000001000299
32	000000000000000100000000299
31	11111000299
31	11101110642
31	101010001111299
31	011001000100299
31	00100111334
31	00100111299
31	001000000000000074
31	000110000000299
30	11110001299
30	1110602
30	1110580
30	110100000001299
30	01100010299
30	000100010000299
29	1110348
29	11100000000065
29	100110000000299
29	100100100000299
29	011000100000299
29	01000000359
29	000001000000000065
29	00000001578
28	111110101111299
28	1111000165
28	11110001602
28	11110001266
28	111100010000299
28	111010001110299
28	11100110100065
28	1101612
28	10001111334
28	10001111299
28	10001111224
28	100000000100299
28	0110010065
28	01100100602
28	010010000010299
28	00000100578
28	000000000000222
27	101010001110299
27	01100100266
27	01100100000065
27	001001100000299
27	0000101065
27	00000000555
26	111010100000299
26	10100010101065
26	01100000580
26	001001000000299
25	526
25	11010000266
24	011010101110299
24	010101000100299
24	010101000000299
24	00100111224
23	011119
22	00000111299
22	000000000000359
20	011101110000299
20	01010100000065
20	00111111299
20	000001110000299
19	110111010000299
19	0111359
19	000001110111612
19	000000000111299
18	110001000000299
17	011101110111299
17	01110000299
17	000060
17	0000010165
16	110119
16	1001299
16	010101010000299
16	010001110000299
16	0000011165
16	00000000532
15	011100100000299
15	011100006
15	0101338
15	01010000266
15	000059
15	0000453
15	00000100474
14	111100000000391
14	1101110165
14	0111000065
14	01110000602
14	000000000000328
13	11110000000000000000391
13	100019
13	01111000299
13	011065
13	01010000299
13	00001101299
13	000011010000299
13	0000000165
13	00000000391
12	1111000000000000391
12	100100000000299
12	1000602
12	011101000000299
12	000111010000299
12	000011011101612
12	00000101299
12	00000000328
12	000000001101299
11	1101359
11	110111011101299
11	01110111642
11	0110000000000000391
11	0101612
11	010000100000299
11	00010001299
10	110011000000299
10	100011010000299
10	011000010000299
10	011000000000391
10	010101010000338
10	0001612
9	65
9	1101000065
9	110001000100299
9	1000580
9	01110111612
9	01110110000065
9	01110100299
9	010110000000299
9	01010001299
9	0100612
9	0100010165
9	000000000101299
9	00000000010100000000299
8	79
8	11110100011101110100391
8	11110001580
8	11010000602
8	11000000299
8	1011299
8	01110010299
8	0110338
8	0100011165
8	010001010000299
8	0000001065
8	000000000000109
7	11110000391
7	11011101642
7	110100006
7	11001100299
7	11000100000065
7	01100000000000000000391
7	01000101299
7	00100111108
7	00010001224
7	0000011065
6	111100101101000111010001391
6	11011010299
6	11010110000065
6	110065
6	10001010100065
6	10001000266
6	100010000000338
6	010119
6	000001010101612
5	1101010065
5	11010100299
5	11000000266
5	10111011612
5	10010001299
5	1000348
5	100010001111299
5	100001110000299
5	100000001000299
5	01110110001065
5	01101110299
5	01000100000065
5	010000010010299
5	001011110000299
5	0000111165
5	00001101612
5	000000000000575
4	11100000266
4	11010110100065
4	110019
4	11000001299
4	101100000000299
4	10001000642
4	100000010000299
4	011110001111299
4	01110110010065
4	0111010065
4	01110100602
4	011101006
4	01101000299
4	011001106
4	0101526
4	0101359
4	010101010101299
4	01010000222
4	01000010359
4	0010111165
4	00101111334
4	00101111299
4	00101111224
4	0010010065
4	00100100299
4	00001011602
4	00000101526
4	000001000000001065
4	00000000597
4	00000000000100000000299
4	0000000000000100299
3	111111111111299
3	11100110299
3	110110101111299
3	11010110000165
3	11010001602
3	110100016
3	1011000065
3	1010526
3	1001526
3	1000359
3	1000111065
3	10001001011065
3	10001000602
3	100010006
3	10001000359
3	100010000000556
3	100001100000299
3	100000006
3	01111111299
3	01106
3	0110578
3	011000006
3	01100000391
3	0101580
3	0101571
3	01010110000065
3	01010101642
3	01010101010165
3	0101000065
3	01010000602
3	010100006
3	01000101334
3	01000101108
3	01000100642
3	0001010165
3	00010101334
3	00010101299
3	00010001642
3	0000642
3	00001100612
3	00001100299
3	000010006
3	00001000266
3	0000100019
3	000010001000612
3	000001106
3	000000100100299
3	000000100001299
3	00000000000074
3	000000000000010065
3	0000000000000001299
3	00000000000000000000474
3	000000000000000000000000474
2	111111116
2	11111000580
2	11111000100010001000391
2	11110110000065
2	111101000101010101010100391
2	111100006
2	11101110612
2	11101010299
2	111010101110299
2	111010000000299
2	1101580
2	1101100065
2	1101000019
2	1100612
2	1100359
2	11001101299
2	1100110065
2	110011001100299
2	11000110000065
2	1100000065
2	11000000602
2	1011474
2	101100010000556
2	101100006
2	1010474
2	1010000065
2	101000000001299
2	10011000299
2	100100010000299
2	100100006
2	10001100299
2	100010001000299
2	1000011065
2	10000110000065
2	1000000165
2	10000000342
2	10000000000065
2	100000000000338
2	0111602
2	0111526
2	0111474
2	01110111338
2	011100010000299
2	0110602
2	0110571
2	0110011019
2	011000000000000000000000391
2	0101602
2	0101108
2	01010111299
2	010101100000299
2	01010100612
2	01010010299
2	0101000165
2	01010001612
2	01010000612
2	0100111165
2	01001000110065
2	01000100602
2	010001006
2	01000100334
2	00100110110165
2	00100110011065
2	001001010000299
2	00100010338
2	00011101612
2	000101110000299
2	0001011065
2	00010101224
2	000100016
2	00010000000065
2	0000111065
2	00001110299
2	000011101110612
2	000011001100612
2	0000101165
2	000010010000299
2	00001000338
2	00000110359
2	00000110266
2	00000101474
2	000001000100612
2	00000001474
2	00000000554
2	00000000333
2	000000001110299
2	000000001100299
2	00000000011100000000299
2	000000000000571
1	539
1	474
1	1111554
1	1111526
1	111110101100000111000001391
1	1111100065
1	11111000602
1	111110006
1	111110001110299
1	111110001101299
1	111101000100391
1	111100100010391
1	11110001111065
1	11110001010065
1	1110359
1	1110111165
1	11101100299
1	111010001111299
1	11100110000165
1	1110010065
1	111000100000299
1	111000000110299
1	1101602
1	1101554
1	1101348
1	11011101110165
1	110110001111299
1	1101010165
1	11010101299
1	1101000119
1	1101000011111111359
1	11010000000065
1	1100580
1	1100578
1	1100571
1	1100554
1	1100338
1	110011110000299
1	11001100642
1	11001100612
1	11001100110065
1	110010101110299
1	110010000000299
1	110000010000299
1	110000006
1	1011526
1	10111011602
1	101110106
1	101100010000338
1	10110000602
1	10110000266
1	101011110000299
1	1010101165
1	1010100010100000333
1	1010100010100000326
1	10100110110165
1	10100110011165
1	10100110011065
1	10100000602
1	10100000556
1	10100000266
1	10010000299
1	1000554
1	10001110266
1	10001101266
1	10001101110165
1	10001101100065
1	100011010000359
1	1000110065
1	100011000000299
1	10001001110165
1	100010001110299
1	10001000110165
1	100010001101299
1	1000100011011101359
1	10001000100065
1	10001000100000000000327
1	10001000011165
1	10001000011065
1	100010000000359
1	100010000000100074
1	1000100000000000299
1	10000110010065
1	10000101100065
1	100001010000299
1	1000010065
1	100001000101299
1	10000010359
1	100000100100299
1	100000010000000074
1	10000000612
1	0111580
1	0111575
1	0111562
1	0111348
1	011111101110612
1	011101116
1	01110110010165
1	01110110000165
1	011101016
1	011101010001299
1	0111010019
1	011101000111612
1	0111000165
1	01110001602
1	01110001266
1	01110000222
1	011100000111299
1	01110000000065
1	011060
1	0110580
1	0110575
1	0110526
1	0110348
1	0110334
1	0110224
1	0110111019
1	011010101100000111000001391
1	01100111299
1	0110011065
1	01100110000065
1	01100100100065
1	01100100010001000100391
1	01100100000165
1	01100001299
1	011000010001299
1	01100000639
1	0110000001106
1	01100000000065
1	0101575
1	0101474
1	0101100019
1	010110001101299
1	01010111222
1	01010110010065
1	01010100602
1	010101006
1	0101010001016
1	010100100000299
1	01010000359
1	0101000019
1	010100001000299
1	010100000000000074
1	01001101010065
1	01001001010065
1	01000101224
1	01000100108
1	010001000101299
1	010001000100299
1	010001000000000074
1	0100010000000000299
1	01000010299
1	01000001299
1	01000000342
1	01000000000065
1	010000000000338
1	0010612
1	0010602
1	0010348
1	001019
1	0010111065
1	001011000000299
1	001010000000100074
1	0010011065
1	00100110299
1	0010010165
1	00100101299
1	001001000000000074
1	00100010266
1	001000100000001074
1	001000006
1	001000000110299
1	00011101110165
1	000111000000299
1	0001100065
1	0001011165
1	00010110010065
1	00010101108
1	000101010001299
1	000101010000299
1	00010100010165
1	000100010001299
1	000100010000000074
1	00010000602
1	0000567
1	0000562
1	00001111578
1	00001111474
1	00001111266
1	00001101578
1	00001100578
1	00001100359
1	00001100266
1	00001100110065
1	000011001100359
1	000010116
1	00001011526
1	00001011299
1	00001011101165
1	00001010639
1	00001010602
1	00001010526
1	00001010474
1	00001010299
1	00001010101065
1	000010100000526
1	00001000578
1	000010001110299
1	000010001000359
1	000010001000299
1	000010000000001065
1	000010000000000074
1	000001116
1	000001110111299
1	00000110642
1	00000110639
1	00000110602
1	00000101612
1	00000101602
1	00000101578
1	00000101266
1	0000010119
1	00000101010165
1	000001010000000074
1	0000010100000000299
1	00000100338
1	0000010019
1	000001000100011165
1	00000100010001100100391
1	000001000100010165
1	000000016
1	0000000119
1	000000010001612
1	00000000581
1	00000000348
1	00000000342
1	00000000326
1	00000000100065
1	0000000001106
1	000000000101359
1	000000000101338
1	0000000001010101612
1	00000000010000000000299
1	00000000001000000000299
1	0000000000005
1	000000000000391
1	0000000000000110299
1	0000000000000000642
1	0000000000000000602
1	00000000000000006
1	0000000000000000526
1	00000000000000001011299
1	0000000000000000001000000000299
1	00000000000000000000526
1	00000000000000000000391
1	000000000000000000000000612
