96450	00000000299
65351	000000000000000000000000299
34268	0000000000000000299
32535	0000000065
25162	0000000000000000612
22661	00000000526
21421	00001111299
20429	0000000000000000266
19384	000000006
18665	00000000338
16256	00000100299
15626	000011110000000000000000299
14010	000000000000000065
7192	00000000000000006
6744	0000000000000000526
6018	000001110000000000000000299
5316	00000000474
5092	0000000019
4987	0000000000000000474
4811	0000111100001111612
4744	0000000000000000338
4647	0000111165
4493	000001000000000000000000299
4420	0000000000001111299
4373	00000000612
4317	0000111100001111299
4226	299
3950	0000000000000000334
3934	0000111100000000266
3845	0000000000000000000000006
3695	00000001299
3591	00000111299
3494	00000000578
3132	00001111612
3130	0000011165
2885	0000000000000000602
2847	0000000000000000222
2713	0000011100000000266
2659	0000000000000000000000000000000000000000299
2592	00000000580
2531	0000000000000000642
2478	00000000224
2310	000011110000111100000000299
2292	0000011100000000299
2281	0000010000000000266
2223	00001000299
2177	00000101299
2151	000011116
2134	00000010299
2053	0000000000000111526
2037	000000000000000000001111299
1828	000011110000111165
1824	00000000575
1784	74
1714	0000010000000100224
1713	00000111338
1643	0000000000000100000001000000000065
1643	0000000000000000598
1498	00001000474
1487	00001111602
1440	0000111119
1429	0000111100001111338
1410	000000000000011100000000222
1363	0000000000000000000001110000000000000000299
1336	000000000000000000000000222
1329	000001010000010000000000299
1329	000001010000000000000000299
1302	000010000000000000000000299
1287	0000000000000100299
1279	00000000602
1276	000000010000000000000000299
1254	000001100000010000000111299
1213	00001111580
1195	0000111100000000299
1174	00000000000000000000000000000000299
1139	00000110299
1139	000000000000111165
1092	000000100000000000000000299
1079	0000000000001111526
1062	0000111100001111642
1042	000001100000000000000000299
1034	0000010000000100612
1026	000001116
1014	000000000000000000000000327
996	0000000000000000000000000000000000000000327
993	00000000000000000000000065
991	000000000000000000000111338
941	00001111526
938	0000010100000100299
915	0000011100000111612
915	000001100000011100000111338
903	000001010000010100000111338
849	00001111474
839	00001000526
811	0000010000000100299
786	00000111612
772	00001111000011116
772	000001006
756	0000000000000000580
754	00001111108
752	000000000000000000000111299
742	0000000000000000359
724	00000000359
721	000000000000010100000000299
710	0000000000000000224
693	0000000000001000526
688	0000000000000000000011110000000000000000299
666	00000000108
655	00001001299
651	000000000000111100001111612
639	00001111338
630	0000010065
584	000000000000010000000000299
571	00000100526
561	000000000000000000000000612
560	000011110000010000000000299
557	0000111100000100299
552	0000000000001111602
545	00001111348
510	0000111100000001299
504	00001111000000000000000065
498	0000000000000000000000000000000074
494	00000111000001116
487	000000000000111100000000299
486	00000111554
485	00000000000000000000000000000000612
484	000000000000000019
478	00000100474
472	0000010000000000299
470	00001111000000006
462	000010010000000000000000299
453	0000111100001000299
433	0000111100000010299
422	00000000348
419	00000011299
412	000011110000000100000111299
410	000011010000000000000000299
408	00001101299
406	0000011000000100299
401	00001100299
394	0000000000000000000000000000000065
374	0000010100001111299
370	0000000000000000000000000000000000000111299
358	000011110000000000001111299
356	0000000000000000000000000000111165
348	000011110000000019
348	0000000000000001299
345	0000000000001111474
344	0000111100000110299
342	00000111580
342	0000011119
340	0000110000000100299
338	0000010100000101612
327	000000110000000000000000299
321	0000010165
321	00000000567
319	0000111100000111222
312	000011110000001000000000299
311	00000000000001000000000000000000299
310	0000000000000010299
309	00001111000011110000111165
308	000001010000111165
308	000000000000000000000000555
306	0000011100000110000001000000011165
305	0000111100000000222
304	0000000000000000578
303	0000011100000110000001000000111165
300	000001110000011100000111338
294	0000100065
293	00001111554
291	000011000000000000000000299
289	00001111562
289	0000000000001000299
288	00001111011000000000000065
288	000011110000100000000000299
284	000011110000000100000000299
284	0000001065
284	0000000000000111299
283	000001010000010100001111338
282	000000000000000000000100299
280	00000000554
276	00001111575
276	000000000000011000000000299
275	00000000000000000000111100001111612
274	0000000165
274	00000000000000010000000000000000299
272	00001111224
270	00001111000001000000010065
269	000011110000111100001111299
269	000000010000111165
267	0000111100001111108
263	011000000000000000000000299
262	000000000000110000000000299
260	000001110000011100000111299
260	0000000000000100602
257	000001110000010000000111299
257	000001000000010065
253	01100000299
251	000001000000111165
247	00000111578
246	0000011100000111602
243	0000010000000000222
242	0000111100001001299
232	0000010100001111108
231	00000000000000000000000019
230	0000010100001111224
225	0000000000000000000001010000000000000000299
224	000011110000010000001111299
223	000010000000111165
217	0000111100001111224
217	00000001526
216	00001111334
216	0000000100000000299
216	000000000000111100001111299
212	0000000100000001612
212	000000000000010065
210	00000000334
209	00000000000000100000000000000000299
202	0000100000001111334
200	000000000000000000000001299
198	00001010299
198	00000000571
198	000000000000000000000000338
195	0000110165
195	000000100000111165
195	000000000000000000000000575
194	00000000000010000000000000000000299
193	000000000000000000000010299
192	0000111100000011299
191	0000111100000000000000000000000074
191	0000001000000010612
187	0000111100001100299
184	0000010100000000299
182	0000011000000110299
181	0000011100001111299
180	0000111100001111222
179	00001111000000000000111165
179	0000011000000000266
178	00001111578
173	000000000000000000000000474
171	0000000000000001526
169	000011110000010100000000299
168	0000010100000101299
164	0000000000000000000000000000010065
161	0000010000000111222
161	000000000000000000000000526
160	000011110000000100001111299
159	0000100000000000299
157	00000111571
157	00000100612
156	0000011100000111222
156	000001010000010000000111299
153	0000111100001111000000000000000074
153	0000000000000100474
152	0000000000000100526
151	000000000000000000001000299
150	0000011100000100000001000000111165
150	000001010000011100000111338
150	00000100567
148	0000111100001111000000000000111174
147	0000100000001000612
146	000011110000010065
143	0000000100000001224
142	43
142	0000001000000000299
142	0000000000000110299
141	0000000000000000000001000000000000000000299
138	0000111100001111000011116
138	0000000000000000000000000000000000001111108
135	0000111100000101299
135	0000100000000000266
135	0000000000000101299
134	00000010526
133	000001016
133	00000100602
132	000000106
132	0000001000000000266
132	000000016
131	000000000000000000000101299
130	0000111100001111602
129	639
129	000000000000000000000000326
128	0000000100000000266
127	0000000000000000639
126	000001100000111165
124	011000000000000065
123	109
123	0110000000000000299
123	000000000000100065
122	0000111100001111266
122	00001111000011110000000065
122	0000010100000001299
122	00000001474
122	000000000000000000001111338
122	000000000000000000000000602
121	01100000359
121	0000011065
121	0000000000000001474
120	0110000000000000602
119	0110000019
119	00000000000000000000000000000000474
118	0000000000001111000000000000111174
117	00000000000011110000000000000000299
116	0000100000001000338
116	0000011100000000222
115	0000000000000111222
115	00000000000000000000000000000000109
114	0000000000000000000000100000000000000000299
113	0000000000001001299
112	01101111299
112	00000111602
112	0000001100000001299
111	000011110000000165
110	0000011100000111299
110	0000011000000010299
110	00000000000000000000000000000111299
108	30
108	0110111119
106	000001000000000065
105	0000100100001111299
104	00000001612
103	0000110100001001299
103	00000001602
102	00001111000000000000010065
102	00001000612
102	00000101338
102	0000000000000000000000010000000000000000299
100	000000000000000100000000299
99	0000100000001111299
98	00001011299
98	0000011000000000299
97	0000011100000100000001000000010065
97	000000000000000068
96	000011110000010000000111299
96	0000010000000000000000000000000074
96	00000010474
96	000000000000000165
94	00001111000001000000111165
93	0000100100000101299
93	00001000602
93	00000010612
93	00000010602
93	0000000000000000556
92	000011110000010019
91	00000000562
91	0000000000000000000010000000000000000000299
90	00000110000011116
90	0000011000000110338
90	0000011000000100000001006
90	00000100108
90	0000010000000110266
90	00000100000001006
90	00000011612
90	000000000000100000000000299
89	000011110000100000001111299
89	00001101338
89	000010100000000000000000299
89	0000011000000110612
88	000010006
88	000000000000001065
88	0000000000000001602
87	00001111571
86	00001111000001006
86	0000100100000001299
85	0000000000000011299
84	000011110000000119
84	0000000000000010474
83	000000010000010000000000299
82	000001110000010000000000299
80	01100111299
80	0000010100000000338
80	000000000000001000000000299
79	0000011100000111642
79	000001010000010100000000338
79	000000010000010165
78	000000000000000000000000224
77	000000000000000000001101299
77	000000000000000000000110299
77	000000000000000000000000000000000000000000000000299
76	00001111567
76	0000100100000000299
76	0000000000001100299
74	00001111011000000000010065
74	000011110000011000000000299
74	000011110000001000001111299
74	0000110100001111299
74	000010110000000000000000299
74	000001100000011065
74	0000000100001111108
73	00000100000000006
73	000000000000011100000111612
72	0000111100000000602
72	0000000000000100000000000000000074
72	00000000000000000000010100000101612
72	0000000000000000000000000000000000000000326
71	000011110000100065
71	000011110000010165
71	000011110000001065
71	0000100100001000299
71	0000001100000000266
70	00000000000001010000000000000000299
68	000010010000111165
67	0000111100001101338
66	00001111011000000000000165
66	0000000100000101299
66	0000000100000001299
64	0000100100000000266
64	0000100000001101338
64	000001110000100100000000299
64	0000010000000100000000000000010074
64	0000001000001111299
64	0000000000001111266
63	00001111011000000000111165
63	000010000000010000000000299
63	00000111348
63	0000000000001111612
62	000011110000111119
61	0110011119
61	00001111453
60	0000111100000101338
60	0000011100000100000001000000000065
60	00000111000000000000000065
60	00000101580
60	000000010000000165
60	0000000000001111000000000000000065
60	000000000000000000000000266
59	0000001100000010299
58	0000000100000000222
57	0000111100001111532
57	0000000000001111359
57	0000000000000100000000000000010074
56	01101111359
56	0110111100001111299
56	011011110000111100000000299
56	011011110000000065
56	0110111100000000602
56	011011110000000000000000299
56	0000001165
55	000011110000011065
55	0000000000000101526
54	0000110000000000299
54	0000001100000000299
54	0000000100001111299
54	00000000000000005
54	000000000000000000000000581
53	000010100000111165
53	0000000000000111338
53	000000000000011065
52	000011010000111165
52	000011000000111165
52	000001010000010100000000299
52	0000010000000100338
51	000011110000111100000000602
51	000001010000000100001111299
51	000001010000000100000000299
51	000000010000111100000000299
50	0110111165
50	000011110000111100000000555
50	00001111000001000000010165
50	0000011000000111222
50	000000110000111165
49	0000101000001111299
49	000010000000000000001111299
49	00000110612
49	000001000000010000000000299
49	000000000000000000000000642
48	00001111000000010000010165
48	0000101000001000299
48	00000110602
48	00000101571
48	00000011602
48	0000001000000010642
48	000000000000110065
48	0000000000000010526
47	0000011100000100299
47	0000011100000100000001000000000165
47	0000000000000000000001100000000000000000299
46	000011110000011000001111299
46	0000111100000101000011116
46	0000100000000001299
46	0000010019
45	0000110065
45	000001000000001000000000299
45	000001000000000000001111299
45	00000000000000000000000000000000266
44	00001011612
44	000000010000000100001111299
43	0000010000000100266
43	0000001100001111299
43	0000001000000110338
43	0000000100001111000000000000111174
42	0000101000001111224
42	0000101000001111108
41	0000111100000100000001000000010065
41	000011110000001100000000299
41	000001010000010065
41	000000100000010000000000299
41	000000000000100165
40	01100111359
40	011001110000011100000000299
40	011001110000000000000000299
40	000011110000110000000000299
40	0000011000000000222
40	000001000000011065
40	000000000000000000001001299
40	0000000000000000000000000000000000001111299
39	0110011100000111299
39	011001110000000065
39	0110011100000000602
39	000011110000110065
39	000011110000100100000000299
39	000011110000001165
39	000001100000000000001111299
39	00000101000001006
39	000000010000000000001111299
39	0000000000000010602
38	000011110000100165
38	00001001612
38	00001001602
38	0000100100001001612
38	000001010000111100000000299
38	0000001000000100299
38	0000000100000101108
38	0000000000001111000000000000000074
38	0000000000000010222
38	0000000000000000000010010000000000000000299
37	0000100165
37	000001110000000000000111299
37	00000110575
37	0000011000000100000001106
37	000001100000000165
37	0000010000001111000000000000000074
37	0000010000000110299
37	0000010000000110108
37	000001000000011000000000299
37	000001000000010165
37	000000000000011165
37	0000000000000000000011010000000000000000299
36	000011100000000000000000299
36	000011010000010100000000338
36	0000100000000100299
36	0000011000001111299
36	00000100580
36	0000001100000111299
36	000000000000000000000000359
35	000011010000000165
35	0000101000001101338
35	0000011100001101299
35	0000010000000101299
35	0000010000000010266
35	0000001100000011612
35	0000000000000100266
34	00001111000001010000111165
34	0000110100001101612
34	000011010000100165
34	0000110100000100000011016
34	0000011000001101299
34	0000011000000110224
34	0000010100000101642
34	000001000000110165
34	0000010000001101299
34	0000010000001101108
34	000001000000100100000000299
34	0000001119
34	0000000000000100000001000000001065
33	000001000000110065
33	000001000000011165
33	0000000000000111474
32	00001101224
32	0000110000001111299
32	00000101000001016
32	0000010000001111108
32	00000000000011110000000065
31	0000111100000001000000000000000074
31	000001110000011165
31	000001100000010000000100299
31	0000010100000101602
31	00000100224
31	0000010000001111224
31	0000000060
31	0000000000001000474
31	0000000000000100000000000000000065
31	000000000000001165
30	0000110000001100299
30	00000111526
30	0000011100000100000001000000011065
30	000001110000000000000000328
30	000001010000111100001111338
30	000001010000010000001111299
30	0000010000000100000001006
30	000000100000000000001111299
30	000000000000111100000000222
30	0000000000001101526
30	000000000000011100000000328
30	000000000000010165
30	000000000000000000000000328
29	000011110000000065
29	000011110000000000000100299
29	0000101165
29	000001100000010000000000299
29	0000010100000101224
29	000001000000010000001111299
29	0000001100000011642
29	0000001000000010338
29	0000000059
29	000000000000010119
28	000011110000011165
28	0000111000001110612
28	0000101119
28	000010000000010100000000299
28	000010000000000065
28	00000101348
28	0000010100000101266
28	00000101000001010000000000000000299
28	0000010100000000342
28	000001010000000000000000338
28	0000000000000101338
27	526
27	000011110000101000000000299
27	000011110000100100001111299
27	0000111100000100000001000000111165
27	0000111100000000580
27	000010010000000000001111299
27	000010000000000100000000299
27	000001100000011100000000338
27	00000110000001000000000065
27	000000010000100000000000299
27	0000000000000000555
26	01101111011000000000000065
26	00001100612
26	00001100602
26	0000110000001100612
26	0000011100000111338
26	000001010000000065
26	000000010000011165
26	0000000000000101612
26	0000000000000101266
26	0000000000000000532
26	0000000000000000000011000000000000000000299
25	00001011602
25	000001110000011000000000299
25	00000101526
25	0000000000000000342
24	00001111359
24	00000111011000000000000065
24	0000011100001011338
24	000001110000001100000000299
24	000001010000010000000100299
24	0000010100000000266
24	000001000000000100000000299
24	00000011580
24	000000100000000100000000299
24	0000000100001111224
24	000000010000000100000000299
24	000000000000000000000011299
24	0000000000000000000000110000000000000000299
23	0000111100001010299
23	000011110000001100001111299
23	000010000000111100001111299
23	00000100578
23	00000100571
23	00000100338
23	000001000000111100000000299
23	000001000000011100000000299
23	0000001100000011299
23	0000001019
23	0000000000000100359
22	000011110000001019
22	0000110100001101642
22	0000110000001000299
22	000001010000010165
22	000000000000011100000000299
22	000000000000000000001100299
21	011011110000010000001111299
21	011011110000000100001111299
21	0110011165
21	0001000000000000299
21	000011110000110100000000299
21	0000111100000101266
21	0000111100000101108
21	0000111100000100000001000000011165
21	00001110299
21	0000011000000101299
21	00000101000011116
21	000000100000111100001111299
21	0000000100000001108
21	00000000453
20	0001000000010000612
20	0000111100000100000001000000000065
20	0000101100001011642
20	000010010000000100000000299
20	000010000000000165
20	00000111474
20	0000011100001011299
20	0000011100000010299
20	0000011100000001299
20	00000101000001000000000065
20	000001010000000165
20	000001000000010100000000299
20	0000001100001001299
20	0000001000000010266
20	00000010000000006
20	0000001000000000338
20	00000000000000000000110165
20	00000000000000000000000000001111299
19	0000111100000100000000000000000074
19	00001101612
19	00001011580
19	0000101100001011612
19	00001000000010000000110165
19	00000110000000006
19	0000010000000101108
19	0000010000000100000000000000000074
19	0000010000000001000000000000000074
19	000000100000010065
19	000000000000000000000000000001000000000000000000299
18	01100011299
18	00001111000011110000010065
18	00001111000000100000101065
18	00001101602
18	000011000000010000000000299
18	0000101100000000266
18	0000101000000000299
18	00001001000000006
18	0000100019
18	0000100000000101299
18	000001110000000100000000299
18	00000100334
18	0000010000001111299
18	0000010000001111266
18	00000100000011110000000065
18	000001000000010000000111299
18	0000001100001100299
18	000000000000100100000000299
18	000000000000010000000100299
18	00000000000001000000000065
17	000011110000110000001111299
17	000011010000000000001111299
17	000010000000010165
17	00000111224
17	000001110000110100001111299
17	000001110000010100000000338
17	0000011100000011299
17	00000011348
17	000000110000000100001111299
17	000000100000010165
17	0000001000000101299
17	0000000100000001000000000000000074
17	000000000000001100000011612
16	00000010348
16	000000000001000065
16	0000000000001010299
16	000000000000000000001010299
15	10000000299
15	01101111011000000000000165
15	0000111100000111299
15	0000101000001010299
15	00000101612
15	0000001100000100299
15	00000010580
15	0000001000000011299
15	000000100000001065
15	0000000100000100000000000000010074
15	0000000000001000602
15	000000000000000000000000000000100000000000000000299
14	000011000000010065
14	000011000000000100001111299
14	00001011348
14	00001011000000000000000065
14	0000010000001111000000000000111174
14	00000100000001000000110165
14	000000100000100000000000299
14	000000010000001165
14	0000000100000010299
14	0000000100000001338
14	0000000000000000328
13	000011110000000000000111299
13	000011110000000000000000000000000000000000000000391
13	00001110575
13	0000111000000000266
13	00001000348
13	000001110000111165
13	000001110000000000001111299
13	000001100000111065
13	00000101474
13	000001010000100000000000299
13	0000010000000111299
13	000000100000011165
13	000000100000001165
13	000000100000000065
13	0000000100000000000000000000000074
13	000000000000001000000000526
13	0000000000000000391
13	00000000000000000000001000000000266
13	000000000000000000000000000010000000000000000000299
12	00001111011000000000001065
12	000011110000100019
12	000011110000011100000000299
12	0000111000001010299
12	0000110100000101299
12	00001011224
12	000010110000111165
12	0000100000001010299
12	0000100000001000266
12	00001000000000006
12	0000011100001111338
12	000001110000011100000000338
12	000001110000011100000000299
12	0000011000000111299
12	00000100348
12	000000100000101065
12	00000010000000100000111165
12	00000010000000100000110165
12	000000100000001000000000338
12	0000000000000110000001000000111165
12	0000000000000101602
12	0000000000000101474
12	000000000000000000000000000000010000000000000000299
11	0110000065
11	00001111011000000000100065
11	0000111000001111299
11	000011010000010100000000299
11	000011000000000000001111299
11	00001011011000000000000065
11	000010100000010000000000299
11	0000100000000000338
11	000001110000000100001111299
11	00000101108
11	000001000000100000000000299
11	0000001000000111338
11	000000100000010100000000299
11	000000100000001000001111299
11	000000010000001000000000299
11	0000000000000101000000000000000074
10	01100111011000000000010065
10	01100111011000000000000065
10	011001110000010000000111299
10	011001110000000100000111299
10	0000111100001010338
10	000011110000010119
10	0000111100000100000001000000011065
10	0000111100000100000001000000000165
10	000011110000000000000000328
10	000011000000110065
10	0000110000000100000011006
10	000011000000000165
10	000010110000010000000000299
10	000010010000101165
10	0000100100001011299
10	000010010000000000001011299
10	000010000000100000001111299
10	000001110000000000001011299
10	0000011000001100299
10	000001100000000100000000299
10	000001010000011000000000299
10	0000010100000101338
10	0000010000001100299
10	0000010000001100108
10	000001000000110000000000299
10	00000100000001000000011165
10	00000011011000000000000065
10	0000001100001011299
10	000000110000010000000000299
10	00000011000000000000010065
10	000000100000000000000011299
10	000000010000111100001111299
10	000000010000000000000111299
10	000000000000111100000000328
10	0000000000001000000000000000000074
9	65
9	100000000000000000000000299
9	01100011359
9	0110001119
9	011000110000001100000000299
9	011000110000000000000000299
9	000011110000101065
9	000011110000000000000011299
9	000011110000000000000000391
9	0000110100001111224
9	0000110100001111108
9	000011000000010000000100299
9	0000101065
9	0000100000001000299
9	000001110000111100000000299
9	0000011100001000299
9	000001110000010100000000299
9	0000011100000000338
9	00000101567
9	0000010000000101266
9	00000100000001000000011065
9	000000110000001065
9	000000110000001000000000299
9	000000100000001000000000556
9	0000001000000000000000000000000074
9	0000000100000011108
9	000000010000001065
9	0000000000001011299
9	000000000000101100001011612
9	0000000000000110000001000000011165
9	0000000000000010266
9	000000000000000000001011299
9	0000000000000000000010100000000000000000299
9	000000000000000000000101338
8	79
8	0110001100000011299
8	000011110000010100001111299
8	00001101571
8	0000100100001001299
8	00001000000010000000111165
8	00001000000010000000011065
8	0000100000000000000000000000000074
8	00000111011000000000010065
8	000001100000011165
8	00000101602
8	0000010100000101108
8	00000100000001000000111165
8	0000001100001010299
8	00000010571
8	00000010000000100000011065
8	0000001000000001000000000000000074
8	0000001000000000222
8	000000010000100165
8	000000010000010100000000299
8	00000001000000010000110165
8	0000000000000100000001000000111165
8	000000000000001100000000299
8	000000000000000000000000109
7	011000110000000065
7	0110001100000000602
7	0110000001100000612
7	00011000299
7	0000111100000010000000000000000074
7	0000111100000000338
7	00001111000000000000000000000000391
7	0000110100001000299
7	00001100000001000000000065
7	000010110000000000001111299
7	0000101000001010612
7	00000111575
7	0000011100000111532
7	0000011100000101299
7	0000011100000100000001000000001065
7	000001110000000165
7	000001100000000100001111299
7	0000010119
7	000001010000000019
7	000001000000111100001111299
7	00000011000000000000000065
7	00000010578
7	00000010338
7	0000001000000111299
7	00000001348
7	0000000119
7	0000000000000001000000000000000074
7	00000000000000000000000000000000000000000000000000000000299
6	01100000338
6	000110000000000000000000299
6	00001111011000000000010165
6	0000111100001110266
6	000011110000101100000000299
6	0000111100001010108
6	0000111100001010000011116
6	0000111065
6	0000110100000111299
6	000010106
6	000010100000111100000000299
6	000010100000100065
6	0000100100001111338
6	000010000000100000000000299
6	0000100000000010299
6	00000111453
6	000001110000111100001111299
6	000001110000101100001111299
6	0000011100000110299
6	000001010000011100000011338
6	00000100000001000000000065
6	0000001100001000299
6	00000011000000006
6	0000001000001010108
6	0000001000000010000000000000000074
6	000000100000000000000111299
6	000000010000101065
6	0000000100001010299
6	0000000100000001266
6	00000001000000010000111165
6	000000010000000065
6	00000001000000006
6	000000000000110165
6	000000000000101065
6	0000000000001010526
6	000000000000101000000000299
6	00000000000010100000000000000000299
6	0000000000000010359
6	0000000000000010000000000000000074
6	0000000000000000000010110000000000000000299
6	00000000000000000000011165
6	0000000000000000000000000000001065
6	00000000000000000000000000000001299
5	100000000000000065
5	01101111011000000000010065
5	01100011453
5	0110001101100011612
5	0110001101100011532
5	0001000065
5	000011110000010000000100299
5	0000111100000000000000000000000000000000391
5	0000110100000000338
5	00001010612
5	00001010000011116
5	0000101000001010224
5	000010100000101000000000299
5	00001010000001006
5	000010010000000165
5	0000100000001111224
5	000010000000101165
5	000010000000101065
5	000010000000000100001111299
5	0000011100000100000001116
5	000001110000010000000110299
5	000001110000010000000100299
5	000001110000001165
5	000001110000001000000000299
5	000001010000010100000101555
5	0000010100000000000000000000000074
5	0000010000000111108
5	000001000000001100000000299
5	000000110000000100000000299
5	000000110000000000001111299
5	0000001000000010222
5	0000000100001001108
5	0000000100000101334
5	000000000000101165
5	0000000000000011526
5	0000000000000000000000000000010165
5	000000000000000000000000000000000000000000000000474
4	00001111000001000000000065
4	00001110453
4	0000111000001110532
4	000011010000111100000000299
4	0000110100001101299
4	000011010000011000000000299
4	00001010602
4	00001010000010010000110165
4	000010016
4	0000100000001111108
4	0000100000001000334
4	0000100000000100000000000000010074
4	000010000000001000000000299
4	00000111011000000000001065
4	0000011100000111266
4	000001110000010065
4	0000011100000010222
4	0000011100000000580
4	00000101554
4	0000010100000101359
4	000001010000010019
4	0000010100000000612
4	0000010100000000222
4	0000010000001000000000000000000074
4	0000010000000010222
4	0000010000000010000000000000000074
4	0000001100000100000001000000111165
4	0000001000001111108
4	000000100000011100000000299
4	0000001000000100000000000000010074
4	0000001000000100000000000000000074
4	000000100000001100000000299
4	0000001000000010602
4	0000001000000010299
4	00000010000000100000011165
4	0000000100001101299
4	0000000100000011299
4	00000001000000010000011065
4	0000000001100000299
4	0000000000001101602
4	000000000000110100000000299
4	0000000000000000597
4	00000000000000000000011100000111612
4	00000000000000000000000000000000000010000000000000000000299
4	0000000000000000000000000000000000000000391
3	01101111453
3	0110111101101111612
3	01101111011000000000001065
3	011011110000100000001111299
3	011011110000001000001111299
3	01100010453
3	0110001001100010612
3	0110001001100010532
3	011000006
3	0000111100001101000011116
3	0000111100001001338
3	0000111100000111338
3	00001111000001010000110165
3	00001111000001000000111100000100391
3	000011110000001000000111299
3	0000111100000001000011116
3	000011100000101065
3	0000111000000100000011106
3	000011100000000165
3	000011016
3	000011010000110100000000299
3	0000110100001100299
3	000011010000011165
3	000011010000000065
3	00001101000000006
3	0000110100000000266
3	0000110000000000266
3	00001011011000000000100065
3	0000101100000000222
3	00001010000010010000011065
3	000010100000001065
3	0000101000000010299
3	000010100000001000000000299
3	000010010000100165
3	00001001000001006
3	00001000580
3	00001000224
3	000010000000111100000000299
3	0000100000001011299
3	00001000000010010000011065
3	000010000000100065
3	0000100000001000642
3	000010000000100000001011299
3	000010000000010100001111299
3	0000011100000111359
3	00000111000001110000000000000000299
3	00000111000001000000001065
3	00000111000001000000000065
3	0000011100000000342
3	000001110000000000001000299
3	000001110000000000000000338
3	00000110453
3	0000011000001110299
3	0000011000000110532
3	00000110000001000000011165
3	000001100000001000000000299
3	00000101224
3	000001010000110100001100338
3	00000101000001010000010065
3	000001010000010000001101299
3	0000010100000010000000000000001074
3	000001010000000000001000299
3	000001000000111065
3	0000010000001110299
3	0000010000001110108
3	000001000000101000000000299
3	0000010000000010000000000000001074
3	00000011453
3	00000011011000000000001065
3	000000110000010000000111299
3	0000001100000011532
3	00000010453
3	00000010359
3	00000010224
3	0000001000001111224
3	000000100000100000000001299
3	0000001000000010532
3	000000100000001000000111299
3	000000100000001000000011299
3	000000100000000100001111299
3	0000001000000000602
3	000000010000110165
3	000000010000100100000000299
3	0000000100000111222
3	0000000100000101224
3	00000000642
3	00000000011000006
3	0000000000001111578
3	000000000000110100000000222
3	00000000000011010000000000000000299
3	0000000000000111612
3	0000000000000111266
3	000000000000011119
3	000000000000010100000101602
3	000000000000010100000000602
3	0000000000000100000001000000011165
3	00000000000000106
3	0000000000000010578
3	000000000000001000000100299
3	00000000000000100000001065
3	000000000000001000000001299
3	0000000000000010000000000000001074
3	0000000000000010000000000000000065
3	000000000000000000001110299
3	00000000000000000000010165
3	00000000000000000000000074
3	00000000000000000000000000000100299
3	0000000000000000000000000000000000000010299
3	00000000000000000000000000000000000000100000000000000000299
3	0000000000000000000000000000000000000000474
2	10000000526
2	1000000010000000612
2	0110111100000100580
2	0110011100001111299
2	011000110000001065
2	0110001100000010602
2	01100011000000100000001100000010391
2	01100010299
2	0110000001100000642
2	01100000011000006
2	011000000110000019
2	001000000000000000000000299
2	00011000526
2	0001100000001000299
2	00001111011011116
2	0000111100001110338
2	0000111100001101299
2	0000111100001101222
2	0000111100001100338
2	000011110000101000001111299
2	0000111100001000612
2	00001111000010000000111100001000391
2	000011110000100000001000391
2	000011110000100000000000556
2	000011110000100000000000338
2	000011110000011100001111299
2	000011110000010000000100391
2	0000111100000100000001000000111100000100391
2	0000111100000100000001000000101165
2	0000111100000010580
2	00001111000000100000111100000010391
2	00001111000000010000111100000001391
2	000011110000000100000101299
2	0000111000000000580
2	00001101526
2	00001101474
2	00001101108
2	0000110100001111338
2	000011010000100000000000556
2	00001101000001006
2	0000110100000000299
2	0000110000000100000001000000111165
2	0000101100001010299
2	000010110000100000000000299
2	000010110000001000000111299
2	00001010000010010000011165
2	0000101000000000266
2	000010100000000000001111299
2	000010010000100065
2	0000100100000001224
2	00001000011000000000000065
2	00001000000010000000100065
2	000010000000010000000111299
2	0000100000000001000000000000000074
2	0000100000000000602
2	0000100000000000222
2	000010000000000000001000299
2	000010000000000000000010299
2	00001000000000000000000065
2	00000111359
2	0000011100001001299
2	000001110000100000001111299
2	000001110000011065
2	000001110000001000001111299
2	000001110000001000000111299
2	000001110000001000000011299
2	000001110000000100000111299
2	0000011100000000000000000000000000000000391
2	0000011000000011299
2	0000011000000000580
2	00000110000000000000000000000000391
2	00000101578
2	00000101359
2	000001010000110165
2	000001010000011165
2	0000010100000100000001016
2	000001010000010000000000556
2	000001010000001000001111299
2	000001010000001000000000299
2	00000101000000006
2	000001010000000000001111299
2	000001010000000000000100299
2	00000100453
2	00000100359
2	0000010000001101266
2	0000010000001010299
2	0000010000001000299
2	0000010000000101334
2	000001000000010100001111299
2	0000010000000100532
2	0000010000000100334
2	000001000000010000000010299
2	000001000000010000000000338
2	0000010000000010299
2	000001000000001000001111299
2	0000010000000000359
2	0000010000000000338
2	00000011578
2	00000011571
2	00000011338
2	00000011011000000000010165
2	00000011011000000000000165
2	000000110000111100001111299
2	000000110000100000001011299
2	0000001100000110299
2	00000011000001006
2	0000001100000100000001000000011165
2	000000110000001100000000299
2	0000001100000010266
2	0000001100000000580
2	000000110000000000000000391
2	00000010000011110000111165
2	000000100000111100000000299
2	00000010000001100000110165
2	00000010000001100000011065
2	000000100000010100001111299
2	000000100000010000000111299
2	000000100000001000000000299
2	0000001000000000580
2	0000001000000000359
2	0000001000000000000000000000000000000000391
2	0000000100000111108
2	000000010000011000000000299
2	000000010000010100000011299
2	000000010000010000000111299
2	0000000100000001642
2	000000010000000100000111299
2	000000010000000100000011299
2	000000001000000065
2	000000000110000065
2	0000000001100000266
2	00000000000011116
2	00000000000011110000111165
2	0000000000001101299
2	0000000000001100526
2	00000000000010000000111100001000391
2	000000000000100000001000612
2	00000000000001110000000000000000299
2	00000000000001016
2	000000000000010100000101612
2	0000000000000011359
2	00000000000000110000000000000000299
2	0000000000000001000000000000000174
2	0000000000000000554
2	0000000000000000333
2	000000000000000001100000299
2	00000000000000000000010000000100612
2	000000000000000000000000571
2	000000000000000000000000391
2	00000000000000000000000000000000391
2	00000000000000000000000000000000000001000000000000000000299
2	00000000000000000000000000000000000000010000000000000000299
1	539
1	474
1	0110111101101111532
1	01101111011000000000010165
1	0110111100001000000001000000100000000100391
1	011011110000010100001111299
1	0110100065
1	0110100019
1	01101000011000000000000065
1	01100111011000000000001065
1	011001110000100000001111299
1	011001110000010065
1	0110011100000100602
1	011001110000001000000111299
1	0110001100001000000001000000100000000100391
1	0110001100000111299
1	01100011000000100110001100000010391
1	0110001100000000580
1	01100011000000000000000000000000391
1	01100010359
1	0110001019
1	0110001000000011299
1	011000100000001065
1	0110001000000010602
1	01100010000000100110001100000010391
1	01100010000000100110000000000010391
1	011000100000001000000000299
1	0110001000000000580
1	011000100000000000000000299
1	01100010000000000000000000000000391
1	0110000165
1	0110000119
1	01100001011000000000010165
1	01100000602
1	0110000060
1	01100000578
1	01100000575
1	01100000334
1	01100000224
1	011000000110000065
1	011000000000100000001000299
1	0110000000000010299
1	011000000000000100000001299
1	0110000000000000639
1	01100000000000006
1	0110000000000000266
1	0110000000000000011000006
1	0010000000000000299
1	000100000000100000000000299
1	000100000000000000000000299
1	000011110110111165
1	000011110000111100000101299
1	0000111100001101266
1	000011110000110100001111299
1	00001111000011006
1	0000111100001100266
1	0000111100001000108
1	0000111100001000000011110000111100001000391
1	0000111100001000000010000000011100001000391
1	00001111000010000000011165
1	0000111100001000000000000000000074
1	00001111000001110000001000000010391
1	0000111100000110000011116
1	000011110000011000001111000000100000001000000010391
1	0000111100000100602
1	00001111000001000110011100000100391
1	0000111100000100000001000000001065
1	000011110000010000000010299
1	0000111100000100000000000000010074
1	0000111100000011338
1	00001111000000100000011100000010391
1	000011110000001000000010299
1	0000111100000001108
1	000011110000000100000001391
1	0000111100000000391
1	0000111100000000359
1	00001111000000000000111100001111359
1	000011110000000000001011299
1	00001110000011116
1	0000111000001010224
1	000011100000101000000000299
1	00001110000001006
1	000011100000001000000010391
1	000011100000000100000001391
1	00001110000000000000000000000000391
1	0000111000000000000000000000000000000000391
1	00001101567
1	000011010000111100001111299
1	000011010000110165
1	0000110100001101602
1	0000110100001101338
1	0000110100001101224
1	0000110100001101108
1	000011010000110065
1	0000110100001001338
1	000011010000100065
1	000011010000100000000000338
1	000011010000100000000000299
1	00001101000001016
1	000011010000010000000000299
1	000011010000001000000000299
1	000011010000000100000000299
1	0000110100000000602
1	00001100000011116
1	000011000000111100001111299
1	0000110000001100642
1	0000110000001000224
1	000011000000100000000000299
1	00001100000001006
1	0000110000000100000001000000110165
1	000010110000010100000111299
1	000010110000001000000011299
1	000010110000001000000000299
1	00001010580
1	000010100000101165
1	0000101000001011299
1	00001010000010010000111165
1	000010100000010000001111299
1	000010100000000000001011299
1	00001001526
1	00001001000011116
1	0000100100001100299
1	000010010000010000000000299
1	000010010000001000000000299
1	000010010000000100001111299
1	00001000578
1	00001000571
1	00001000562
1	00001000554
1	00001000359
1	00001000338
1	00001000000011110000111165
1	0000100000001111000000000000111174
1	000010000000110165
1	0000100000001100299
1	00001000000010010000110165
1	0000100000001000224
1	000010000000100000001000299
1	000010000000100000000101299
1	000010000000100000000000359
1	000010000000011100000000299
1	000010000000010000001111299
1	000010000000010000000101299
1	000010000000001000000101299
1	000010000000001000000010299
1	00001000000000000000111100001111359
1	000010000000000000000100299
1	00000111562
1	00000111108
1	000001110110111165
1	00000111011000000000100065
1	00000111011000000000010165
1	00000111011000000000000165
1	000001110000111119
1	000001110000111100001111612
1	000001110000110100000000299
1	000001110000100019
1	00000111000010000000111165
1	00000111000010000000111100001000391
1	000001110000100000001011299
1	000001110000100000001000391
1	000001110000100000000000299
1	000001110000011119
1	000001110000011100000111612
1	000001110000011100000101299
1	00000111000001016
1	000001110000010100001111299
1	000001110000010100000111299
1	000001110000010100000011299
1	000001110000010100000001299
1	0000011100000100266
1	0000011100000100000001000000100065
1	000001110000010000000010299
1	0000011100000011338
1	000001110000000100001101299
1	000001110000000100000011299
1	000001110000000100000001391
1	000001110000000000000100299
1	000001110000000000000011299
1	000001110000000000000000391
1	0000011100000000000000000000000074
1	00000111000000000000000000000000391
1	00000110580
1	00000110567
1	00000110526
1	000001100000100000001000391
1	000001100000100000000000299
1	000001100000001065
1	0000011000000010222
1	0000011000000010108
1	000001100000001000001111299
1	000001100000000100000111299
1	00000101575
1	0000010100001111338
1	0000010100001101108
1	000001010000110100000000299
1	0000010100000111299
1	0000010100000111222
1	0000010100000111000000000000011174
1	000001010000010000000000338
1	0000010100000100000000000000010074
1	00000101000000110000110165
1	00000101000000110000011165
1	00000101000000110000011065
1	000001010000001019
1	000001010000001000000111299
1	0000010100000001108
1	000001010000000100000101299
1	0000010100000001000000000000000174
1	0000010100000000602
1	0000010100000000359
1	000001010000000000000111299
1	0000010000001101222
1	000001000000110100000000299
1	000001000000101065
1	000001000000100065
1	0000010000000111266
1	0000010000000101224
1	0000010000000100642
1	0000010000000100108
1	000001000000010000000101299
1	00000100000001000000001065
1	000001000000001000000111299
1	000001000000001000000010391
1	000001000000001000000010299
1	000001000000000100001111299
1	000001000000000100000101299
1	0000010000000000602
1	0000010000000000580
1	000001000000000000000000391
1	000000116
1	000000110000010100000011299
1	000000110000010000000100391
1	0000001100000010224
1	000000110000000100000011299
1	0000001100000000222
1	000000100000101165
1	000000100000010100000111299
1	000000100000010000001111299
1	000000100000010000000010299
1	00000010000000106
1	0000001000000010359
1	0000001000000010000000000000001074
1	00000010000000100000000000000000299
1	0000001000000001299
1	000000100000000100000001391
1	0000001000000001000000000000000174
1	0000001000000000342
1	00000010000000000000000065
1	000000100000000000000000338
1	00000001580
1	00000001578
1	00000001571
1	00000001338
1	0000000100001101224
1	0000000100001101108
1	000000010000110000000000299
1	0000000100001001224
1	000000010000011100000000299
1	000000010000010100000001299
1	000000010000010000001111299
1	0000000100000011224
1	000000010000001100000000299
1	000000010000000100000101299
1	0000000100000000338
1	00000001000000000000000065
1	0000000001100000642
1	0000000001100000639
1	0000000001100000602
1	000000000000111100001111359
1	0000000000001101612
1	00000000000011016
1	0000000000001101266
1	00000000000011010000110165
1	00000000000011000000000000000000299
1	000000000000101000001010612
1	0000000000001001526
1	00000000000010006
1	0000000000001000578
1	0000000000001000359
1	0000000000001000266
1	000000000000100019
1	000000000000100000001000359
1	000000000000100000001000299
1	0000000000000111602
1	00000000000001116
1	000000000000011100000111299
1	000000000000011000000110612
1	00000000000001010000010165
1	00000000000001006
1	0000000000000100578
1	000000000000010000000111299
1	000000000000010000000100391
1	0000000000000100000001000000101165
1	0000000000000100000001000000100065
1	0000000000000100000001000000010165
1	0000000000000100000001000000001165
1	0000000000000100000001000000000165
1	0000000000000010612
1	0000000000000010338
1	000000000000001019
1	00000000000000100110000000000010391
1	000000000000001000000010612
1	000000000000001000000010391
1	000000000000001000000010299
1	0000000000000001359
1	0000000000000000581
1	0000000000000000348
1	0000000000000000326
1	0000000000000000011000006
1	000000000000000000001101338
1	00000000000000000000100065
1	00000000000000000000000100000001612
1	0000000000000000000000005
1	00000000000000000000000001100000299
1	0000000000000000000000000000100065
1	00000000000000000000000000000010299
1	0000000000000000000000000000000165
1	00000000000000000000000000000000642
1	00000000000000000000000000000000602
1	000000000000000000000000000000006
1	00000000000000000000000000000000526
1	0000000000000000000000000000000000001101299
1	0000000000000000000000000000000000000000526
1	000000000000000000000000000000000000000000000000612
