83433	00000000299
56088	000000000000000000000000299
27275	0000000000000000299
26878	0000000065
22535	0000000000000000612
19746	0000000000000000266
18844	000000006
18747	00000000338
13681	000000000000000065
12115	00000000526
8306	00000100299
7387	00000000000000006
7135	00001010299
5538	299
5273	0000000000000000334
4669	0000000019
4415	0000000000000000338
4309	00000000612
4124	00000000474
3865	000001000000000000000000299
3801	0000000000000000526
3787	0000000000000000000000006
3746	00000111299
3742	00001000299
3361	00000000578
3039	00000001299
2980	000010100000000000000000299
2562	000001110000000000000000299
2537	0000000000000000222
2447	0000000000000000474
2304	0000101065
2262	00000000580
2253	00000010299
2240	000000010000000000000000299
2159	0000000000000000602
2131	0000000000000000642
2120	0000101000001010299
2012	0000000000000000000000000000000000000000299
1875	000010000000000000000000299
1793	0000010000000000266
1788	0000010100000111338
1639	00000000224
1627	00001010000010100000101065
1589	00001111299
1553	00000000000010106
1539	0000011165
1516	0000101000001000299
1493	0000101000001010642
1487	0000000000000100000001000000000065
1480	0000010000000100224
1443	0000100000001010299
1431	00001010224
1429	00001010359
1319	000000100000000000000000299
1195	0000000000000000598
1131	000011110000000000000000299
1068	0000011100000111299
1047	00000101299
965	00000000000000000000000065
900	00000000000000000000000000000000612
845	0000001000001010299
797	00000000602
788	0000010100000100299
786	0000111165
772	00000000359
764	0000001100000111299
739	0000000000000000580
732	0000010100001111338
732	00000000348
728	000010006
724	00000000000000000000000000000000299
685	000001010000000000000000299
649	00000000575
649	0000000000000000224
648	000001006
645	0000000000000000359
617	000000000000010000000000299
612	0000101000001010612
603	000000000000010100000000299
575	000000016
566	000000000000000000000000327
560	000000000000000000000000612
548	0000000000000000000000000000000000000000327
537	00000110299
534	000000000000000000000100299
500	000000000000000000000001299
498	00001100299
497	0000010000000100299
485	00000101000011000000011165
485	00000001000000010000011165
484	00001000526
478	000001100000000000000000299
474	00000101000000110000011165
474	00000100000001000000011165
473	0000010000000000299
471	74
467	0000010000000100612
457	0000100000000000266
455	0000010065
448	0000111100001111299
447	000000000000000019
437	000000000000000000001000299
436	000011000000000000000000299
408	0000000100000001612
398	0000100000000000299
396	0000110000001000299
384	000001116
384	0000000165
382	0000011000000100299
379	0000001000000000266
363	00001010000010100000100065
361	00000010526
360	0000000000000000578
339	000001110000011165
336	000000000000000000000010299
333	00001101299
328	0000000000001000299
323	0000111100000000266
319	0000000000000000000000000000000065
311	00000000571
308	00001111612
305	0000011000000000266
304	0000000000000100299
303	00000011299
303	0000001100000010299
303	000000110000000000000000299
298	0000100000001000612
298	000000000000000000000000555
292	00001000474
291	00000101000011000000111165
291	00000001000000010000111165
290	0000000100000000266
269	0000001000000000299
268	0000100000001101338
267	000000000000110000000000299
261	011000000000000000000000299
257	000000000000011000000000299
254	0000110000000100299
253	00000000554
251	01100000299
250	00001010580
247	000010100000000000001000299
238	0000000000000001299
234	00000001474
230	01101111299
230	00000010474
227	000000106
227	00000000000000000000000019
225	0000000000001000474
224	0000110000001111299
224	0000001000000010612
222	0000010100000101299
220	01100110299
216	00000110612
215	30
212	000011010000000000000000299
204	000000000000000000000000338
191	0000101000001010359
191	0000011100000101299
189	0000010165
186	0000100000001000299
185	000010100000100000000000556
183	000010000000100065
183	0000000000000010299
168	000000000000000000000000474
165	000000000000110165
163	0000000000000010474
162	0000100065
162	000000000000000100000000299
157	0000110165
157	00000000000010000000000000000000299
154	000000010000010000000000299
143	43
142	0000001000000110338
140	000000000000100000000000299
139	000001016
138	0000100100000101299
138	00000001526
136	0000000119
134	0000011000000101299
134	000000100000001065
132	0000001000000111338
131	000001000000000100000000299
131	0000000000000000000000000000000074
129	0000101000000000299
129	00000100580
129	0000010019
129	000000000000001000000000299
129	000000000000000000000000326
128	000000010000000100000000338
128	00000000000001000000000000000000299
126	000001000000010000000000338
126	00000001580
124	01101111453
124	0110111101101111612
124	0000101000001010602
123	0110111101101111532
123	011000000000000065
123	00001010000010106
123	0000101000001010266
123	0000101000000000342
123	000010100000000000000000338
123	0000000000001010338
123	00000000000000010000000000000000299
122	0110000000000000299
122	000011116
122	0000000000000100266
122	0000000000000001266
121	0000110100000001299
120	109
120	01100000359
119	0110000000000000602
119	0000000000001111299
119	000000000000000000000000602
118	0110000019
118	0000000100000000299
118	000000000000111100001111612
118	000000000000000000001111299
117	0110111119
117	000001000000010065
116	0110111100001111299
115	01101111359
115	011011110000111100000000299
115	011011110000000000000000299
115	0000110100001101612
115	00000000334
112	0110011019
112	00000000000000000000000000000000109
111	0110011000000110299
110	01100110359
110	011001100000011000000000299
110	011001100000000000000000299
110	0000000000000110299
110	000000000000011000000110612
110	000000000000000000000110299
109	00000100474
108	000001000000000065
107	0000011000000110299
106	0000111100000111299
106	0000000000000001526
102	639
102	00000000108
101	000010000000000065
101	0000010000000100266
100	0000000000001000602
99	0000110100000000299
99	0000001065
99	0000001000000010299
99	0000000000000000639
97	000010000000001000000000299
97	000000000000000068
95	00001000224
95	0000010000000000222
94	000000000000100065
93	000011110000111165
93	0000111100001111642
93	000000100000101065
93	0000000000000000556
91	00000000000000000000000000000000474
90	00001010612
89	000000000000000000000000526
88	00000000000000100000000000000000299
87	011011110000000065
87	0110111100000000602
87	00000100526
86	01100110453
86	0110011001100110612
86	0110011001100110532
86	00001000612
83	011001100000000065
83	0110011000000000602
79	000000000000000000000000266
78	0000000000000000000010000000000000000000299
77	0000111119
77	00000000000000000000000000000000266
75	00000101000000110000111165
75	00000100000001000000111165
73	00001110612
72	0000000000000000000000000000000000000000326
71	000010000000100000000000299
71	000001010000010165
70	0000110100001000299
70	000001010000010065
69	00000100348
67	00000100000000006
67	000000000000000000000000000010000000000000000000299
66	00001110299
66	00000101000000110000110165
66	00000100000001000000110165
66	00000001348
66	000000000000000000000000224
66	000000000000000000000000000000100000000000000000299
65	000000010000110165
65	0000000100000001266
65	00000001000000006
64	000011010000100019
64	00001010571
64	00001010348
64	00001010000010100000000000000000299
64	0000101000000000612
64	0000100000001000000000000000000074
64	0000100000000000602
64	00000101000011000000110165
64	00000001000000010000110165
64	000000000000101019
63	000010100000111165
63	0000100000000100299
63	000001110000010165
62	000010000000111100000000299
61	0000111100000000299
61	0000100000000010299
60	0000111065
59	0000010100000101612
58	0000111019
58	00001010602
58	00001010000010000000100065
58	0000000000000000000010100000000000000000299
57	0000011000000000299
56	0000111100001010299
56	000001000000110065
56	000000010000111100000000299
55	0000011000000110642
54	000001000000010000000000299
54	00000000000000005
54	000000000000000000000000581
53	000010100000111065
52	000010000000101065
52	0000011000001010299
50	000010000000010000000000299
50	000001000000011000000000299
47	000000000000000000000000642
45	0000101000001000000010100000000000000000327
44	000010000000111165
43	00000111612
43	000000010000000165
42	000011110000100000000000299
42	000011010000100000000000299
42	0000011100000000266
41	000000100000011165
41	000000100000011100000000299
40	00001000571
39	000011010000000100000000299
39	00001000578
39	00001000338
39	000010000000110165
39	000001100000010000000000299
39	0000000000001000359
39	0000000000000100526
39	0000000000000000000000000000100065
38	00001111011000000000100065
38	000011100000000000000000299
38	0000110100001101299
38	00000010578
38	00000010571
38	00000010338
37	00001111580
37	000001000000100000000000299
36	0110111100000000580
36	00001111602
36	00001111348
36	00001111000000000000000065
36	0000100000000001299
36	000000000000110065
35	000011110000100000001111299
35	00000001602
35	000000010000000065
35	0000000000000100602
34	000011010000000165
34	0000100000000000000000000000000074
34	00000100602
34	00000100571
34	00000100359
34	0000010000000000000000000000000074
34	00000001359
34	0000000000001000526
34	0000000000000010602
34	0000000000000010526
34	0000000000000001602
34	000000000000000000000000000001000000000000000000299
33	000011000000010065
33	00000101000000110000011065
33	00000100578
33	00000100338
33	00000100224
33	00000100000001000000011065
33	000000100000100000000000299
33	000000100000000065
33	00000001224
33	000000010000001000000000299
33	0000000100000000000000000000000074
33	0000000000001000000000000000100074
33	0000000000000100359
33	0000000000000100000000000000010074
33	0000000000000010359
33	0000000000000010000000000000001074
33	0000000000000000000000000000001065
33	00000000000000000000000000000010299
32	000011110000101000000000299
32	000011110000011165
32	000010100000001065
32	000010010000000165
32	00000101000011000000011065
32	000000100000001000000000299
32	00000001578
32	00000001571
32	00000001338
32	000000010000010000001000299
32	00000001000000010000011065
32	0000000100000000359
32	000000000000111100000000299
32	0000000000000001359
32	0000000000000001000000000000000174
32	0000000000000001000000000000000065
32	00000000000000000000000000001000299
32	000000000000000000000000000000010000000000000000299
31	0000111100001000299
31	0000111000001110642
31	000010100000100000001111299
31	000001100000010000000100299
31	0000001000000111334
31	0000001000000111299
31	0000001000000000000000000000000074
30	0000111100000001299
30	00001110602
30	00001110580
30	000011010000000000000001299
30	0000011000000010299
30	000000010000100000000000299
30	000000010000000100000000299
29	00001110348
29	00001110000000000000000065
29	000010010000100000000000299
29	000010010000001000000000299
29	000001100000001000000000299
29	0000010000000000359
29	0000000000000100000000000000000065
29	0000000000000001578
28	011011110000000165
28	0110111100000001602
28	01101111000000010110111100000001391
28	01101111000000010000111100000001391
28	000011110000101000001111299
28	0000111100000001266
28	000011110000000100000000299
28	00001110011000000000100065
28	000011100000100000001110299
28	00001101612
28	0000100000001111334
28	0000100000001111299
28	0000100000001111224
28	000010000000000000000100299
28	000001000000100000000010299
28	0000000000000100578
28	000000000000000000000000222
27	011001100000010065
27	0110011000000100602
27	01100110000001000000011000000100391
27	000010100000100000001110299
27	0000011000000100266
27	00000110000001000000000065
27	000000100000011000000000299
27	000000000000101065
27	0000000000000000555
26	01100110000001000110011000000100391
26	000011100000101000000000299
26	00001010000000100000101065
26	000000100000010000000000299
25	526
25	0110011000000000580
25	0000110100000000266
24	000001100000101000001110299
24	000001010000010000000100299
24	000001010000010000000000299
24	0000001000000111224
22	0000000000000111299
22	000000000000000000000000359
21	0001000000000000299
20	0000011119
20	00000101000001000000000065
20	0000001100001111299
20	000000000000011100000000299
19	000011010000110100000000299
19	000000000000011100000111612
19	000000000000000000000111299
18	000011000000010000000000299
18	000001110000011100000000299
17	00000111359
17	000001110000011100000111299
17	0000011100000000299
17	0000000060
16	0000110119
16	000001010000010100000000299
16	000001000000011100000000299
16	000000000000011165
16	0000000000000000532
15	10000000299
15	0001000000010000612
15	000001110000001000000000299
15	00000111000000006
15	00000101338
15	0000010100000000266
15	0000000059
15	00000000453
15	0000000000000100474
14	011011110000000000000000391
14	000011010000110165
14	000000000000000000000000328
13	0110111100000000000000000000000000000000391
13	0000100019
13	0000011100001000299
13	000001110000000065
13	0000011100000000602
13	0000010100000000299
13	0000000000001101299
13	000000000000110100000000299
13	000000000000010165
13	0000000000000000391
12	01101111000000000000000000000000391
12	00001000602
12	000001110000010000000000299
12	000000010000110100000000299
12	000000000001000065
12	000000000000110100001101612
12	0000000000000101299
12	0000000000000000328
12	000000000000000000001101299
11	01100110000000000000000000000000391
11	0110000065
11	00001101359
11	000011010000110100001101299
11	0000011100000111642
11	00000101612
11	000001000000001000000000299
11	0000000100000001299
10	000011000000110000000000299
10	000010000000110100000000299
10	000001100000000100000000299
10	000001010000010100000000338
10	00000001612
9	65
9	100000000000000000000000299
9	011001100000000000000000391
9	000011010000000065
9	000011000000010000000100299
9	00001001299
9	00001000580
9	00000111011000000000000065
9	0000011100000111612
9	0000011100000100299
9	000001010000100000000000299
9	0000010100000001299
9	00000100612
9	000001000000010165
9	000000000000000000000101299
9	0000000000000000000001010000000000000000299
8	79
8	0110111100000100000001110000011100000100391
8	0110111100000001580
8	0000110100000000602
8	0000110000000000299
8	00001011299
8	0000011100000010299
8	000001000000011165
8	000001000000010100000000299
8	000000000000001065
8	000000000000000000000000109
7	0110111100000000391
7	0110011000000000000000000000000000000000391
7	0110000001100000612
7	00011000299
7	000011110000111100000000299
7	0000110100001101642
7	00001101000000006
7	0000110000001100299
7	00001100000001000000000065
7	0000010000000101299
7	0000001000000111108
7	0000000100000001224
6	011011110000001000001101000000010000110100000001391
6	01100000338
6	000110000000000000000000299
6	00001101011000000000000065
6	0000110100001010299
6	0000110065
6	000010010000000000000000299
6	00001000000010100000100065
6	0000100000001000266
6	000010000000100000000000338
6	000001100000011000000000299
6	0000010119
6	000000000000010100000101612
5	100000000000000065
5	0101000001010000612
5	000011010000010065
5	0000110100000100299
5	0000110000000000266
5	0000101100001011612
5	0000100100000001299
5	00001000348
5	000010000000100000001111299
5	000010000000011100000000299
5	000010000000000000001000299
5	00000111011000000000001065
5	0000011000001110299
5	00000100000001000000000065
5	000001000000000100000010299
5	000000100000111100000000299
5	000000000000111165
5	0000000000001101612
5	000000000000011065
5	000000000000000000000000575
4	01100111299
4	01100100299
4	0001000065
4	0000111000000000266
4	00001101011000000000100065
4	0000110019
4	0000110000000001299
4	000010110000000000000000299
4	0000100000001000642
4	000010000000000100000000299
4	00000111011000000000010065
4	000001110000100000001111299
4	000001110000010065
4	0000011100000100602
4	00000111000001006
4	0000011000001000299
4	00000101526
4	00000101359
4	000001010000010100000101299
4	0000010100000000222
4	0000010000000010359
4	000000100000111165
4	0000001000001111334
4	0000001000001111299
4	0000001000001111224
4	000000100000010065
4	0000001000000100299
4	0000000001100000299
4	000000000101000065
4	0000000000001011602
4	0000000000000101526
4	0000000000000100000000000000001065
4	0000000000000000597
4	0000000000000000000000010000000000000000299
4	00000000000000000000000000000100299
3	0110011000000000391
3	01100100453
3	0110010001100100612
3	0110010001100100532
3	011000006
3	00001111359
3	000011110000111100001111299
3	0000111000000110299
3	00001101011000000000000165
3	000011010000101000001111299
3	0000110100000001602
3	00001101000000016
3	000010110000000065
3	00001010526
3	00001000359
3	000010000000111065
3	00001000000010010000011065
3	0000100000001000602
3	00001000000010006
3	0000100000001000359
3	000010000000100000000000556
3	000010000000011000000000299
3	00001000000000006
3	00000101580
3	00000101571
3	00000101011000000000000065
3	0000010100000101642
3	00000101000001010000010165
3	000001010000000065
3	0000010100000000602
3	00000101000000006
3	0000010000000101334
3	0000010000000101108
3	0000010000000100642
3	000000010000010165
3	0000000100000101334
3	0000000100000101299
3	0000000100000001642
3	00000000642
3	00000000011000006
3	0000000000001100612
3	0000000000001100299
3	00000000000010006
3	0000000000001000266
3	000000000000100019
3	000000000000100000001000612
3	000000000000001000000100299
3	000000000000001000000001299
3	00000000000000000000000074
3	0000000000000000000000000000010065
3	00000000000000000000000000000001299
3	0000000000000000000000000000000000000000474
3	000000000000000000000000000000000000000000000000474
2	10000000526
2	1000000010000000612
2	0110111100001000580
2	0110111100001000000010000000100000001000391
2	011011110000010000000101000001010000010100000100391
2	01100111359
2	0110011119
2	011001110000011100000000299
2	011001110000000000000000299
2	011001100000000000000000000000000000000000000000391
2	01100100359
2	0110010019
2	011001000000010000000000299
2	011001000000000000000000299
2	0110000001100000642
2	01100000011000006
2	011000000110000019
2	001000000000000000000000299
2	00011000526
2	0001100000001000299
2	00001111011011116
2	00001111011000000000000065
2	000011110000000065
2	0000111100000000602
2	00001111000000006
2	0000111000001110612
2	0000111000001010299
2	000011100000101000001110299
2	000011100000100000000000299
2	00001101580
2	000011010000100065
2	000011010000000019
2	00001100612
2	00001100359
2	00001100011000000000000065
2	0000110000001101299
2	000011000000110065
2	000011000000110000001100299
2	000011000000000065
2	0000110000000000602
2	00001011474
2	000010110000000100000000556
2	00001011000000006
2	00001010474
2	000010100000000065
2	000010100000000000000001299
2	000010010000000100000000299
2	00001001000000006
2	00001000011000000000000065
2	0000100000001100299
2	000010000000100000001000299
2	000010000000000165
2	0000100000000000342
2	00001000000000000000000065
2	000010000000000000000000338
2	00000111602
2	00000111526
2	00000111474
2	0000011100001111299
2	0000011100000111338
2	000001110000000100000000299
2	0000011065
2	00000110578
2	00000110571
2	00000110338
2	0000011019
2	00000110011001106
2	00000110000000006
2	00000101602
2	00000101108
2	0000010100000111299
2	000001010000011000000000299
2	0000010100000100612
2	0000010100000010299
2	000001010000000165
2	0000010100000001612
2	0000010100000000612
2	00000100000010000000110065
2	0000010000000100602
2	00000100000001006
2	0000010000000100334
2	00000010000001100000110165
2	00000010000001100000011065
2	000000100000010100000000299
2	0000001000000010338
2	0000000100001101612
2	000000010000011100000000299
2	0000000100000101224
2	00000001000000016
2	00000001000000000000000065
2	000000001000000065
2	000000000110000065
2	0000000001100000266
2	000000000000111065
2	0000000000001110299
2	000000000000111000001110612
2	000000000000110000001100612
2	000000000000101165
2	000000000000100100000000299
2	0000000000001000338
2	0000000000000110359
2	0000000000000101474
2	000000000000010000000100612
2	0000000000000001474
2	0000000000000000554
2	0000000000000000333
2	000000000000000001100000299
2	000000000000000000001110299
2	000000000000000000001100299
2	0000000000000000000001110000000000000000299
2	000000000000000000000000571
1	539
1	474
1	011011110000101000001100000000010000110000000001391
1	011011110000010000000100391
1	011011110000001000000010391
1	0110011100001111299
1	0110011100000111299
1	011001110000000165
1	0110011100000001602
1	011001110000000065
1	0110011100000000602
1	011001100000101000001100000000010000110000000001391
1	0110011000000111299
1	0110010000000110299
1	011001000000010065
1	0110010000000100602
1	0110010000000100299
1	01100100000001000110011000000100391
1	0110010000000100000001000000010000000100391
1	011001000000000065
1	0110010000000000602
1	0110010000000000580
1	011001000000000000000000391
1	0110000165
1	0110000119
1	01100001011000000000010165
1	01100000602
1	0110000060
1	01100000578
1	01100000575
1	01100000334
1	01100000224
1	011000000110000065
1	0110000000000100299
1	011000000000000100000001299
1	0110000000000000639
1	01100000000000006
1	0110000000000000266
1	0110000000000000011000006
1	0101000065
1	0010000000000000299
1	000100000000100000000000299
1	000100000000000000000000299
1	00001111554
1	00001111526
1	000011110000100065
1	0000111100001000602
1	00001111000010006
1	000011110000100000001110299
1	000011110000100000001101299
1	00001111000000010000111065
1	00001111000000010000010065
1	00001110359
1	000011100110111165
1	00001110011000000000000165
1	0000111000001100299
1	000011100000100000001111299
1	000011100000010065
1	000011100000001000000000299
1	000011100000000000000110299
1	00001101602
1	00001101554
1	00001101348
1	00001101000011010000110165
1	000011010000100000001111299
1	000011010000010165
1	0000110100000101299
1	000011010000000119
1	00001101000000000000111100001111359
1	00001101000000000000000065
1	00001100580
1	00001100578
1	00001100571
1	00001100554
1	00001100338
1	000011000000111100000000299
1	0000110000001100642
1	0000110000001100612
1	00001100000011000000110065
1	000011000000101000001110299
1	000011000000100000000000299
1	000011000000000100000000299
1	00001100000000006
1	00001011526
1	0000101100001011602
1	00001011000010106
1	000010110000000100000000338
1	0000101100000000602
1	0000101100000000266
1	000010100000111100000000299
1	000010100000101165
1	00001010000010000000101000000000333
1	00001010000010000000101000000000326
1	00001010000001100000110165
1	00001010000001100000011165
1	00001010000001100000011065
1	0000101000000000602
1	0000101000000000556
1	0000101000000000266
1	00001001526
1	0000100100000000299
1	00001000554
1	000010000110011065
1	00001000011000000000010065
1	0000100000001110266
1	0000100000001101266
1	00001000000011010000110165
1	00001000000011010000100065
1	000010000000110100000000359
1	000010000000110065
1	000010000000110000000000299
1	00001000000010010000110165
1	000010000000100000001110299
1	00001000000010000000110165
1	000010000000100000001101299
1	00001000000010000000110100001101359
1	00001000000010000000100065
1	0000100000001000000010000000000000000000327
1	00001000000010000000011165
1	00001000000010000000011065
1	000010000000100000000000359
1	0000100000001000000000000000100074
1	00001000000010000000000000000000299
1	000010000000011065
1	00001000000001010000100065
1	000010000000010100000000299
1	000010000000010065
1	000010000000010000000101299
1	0000100000000010359
1	000010000000001000000100299
1	0000100000000001000000000000000074
1	0000100000000000612
1	00000111580
1	00000111575
1	00000111562
1	00000111348
1	00000111011000000000000165
1	000001110000111000001110612
1	00000111000001116
1	00000111000001016
1	000001110000010100000001299
1	000001110000010019
1	000001110000010000000111612
1	0000011100000001266
1	0000011100000000222
1	000001110000000000000111299
1	00000111000000000000000065
1	00000110602
1	00000110580
1	00000110526
1	00000110348
1	00000110011000000000000065
1	000001100000111019
1	00000110000001000000100065
1	00000110000001000000000165
1	0000011000000001299
1	00000110000000000000000065
1	00000101575
1	00000101474
1	00000101011000000000010065
1	000001010000100019
1	000001010000100000001101299
1	0000010100000111222
1	0000010100000100602
1	00000101000001006
1	0000010100000100000001016
1	000001010000001000000000299
1	0000010100000000359
1	000001010000000019
1	000001010000000000001000299
1	0000010100000000000000000000000074
1	000001000110111165
1	000001000000111165
1	00000100000011010000010065
1	00000100000010010000010065
1	0000010000000101224
1	0000010000000100108
1	000001000000010000000101299
1	000001000000010000000100299
1	0000010000000100000000000000000074
1	00000100000001000000000000000000299
1	0000010000000010299
1	0000010000000001299
1	0000010000000000342
1	00000100000000000000000065
1	000001000000000000000000338
1	00000010612
1	00000010602
1	00000010348
1	0000001019
1	000000100000111065
1	000000100000110000000000299
1	0000001000001000000000000000100074
1	000000100000011065
1	0000001000000110299
1	000000100000010165
1	0000001000000101299
1	0000001000000100000000000000000074
1	0000001000000010266
1	0000001000000010000000000000001074
1	00000010000000006
1	000000100000000000000110299
1	000000010110011065
1	00000001011000000000010065
1	00000001000011010000110165
1	000000010000110000000000299
1	000000010000100065
1	000000010000011165
1	000000010000011065
1	0000000100000101108
1	000000010000010100000001299
1	000000010000010100000000299
1	00000001000001000000010165
1	000000010000000100000001299
1	0000000100000001000000000000000074
1	0000000100000000602
1	00000000567
1	00000000562
1	0000000001100000642
1	0000000001100000639
1	0000000001100000602
1	0000000000001111578
1	0000000000001111474
1	0000000000001111266
1	0000000000001101578
1	0000000000001100578
1	0000000000001100359
1	0000000000001100266
1	00000000000011000000110065
1	000000000000110000001100359
1	00000000000010116
1	0000000000001011526
1	0000000000001011299
1	00000000000010110000101165
1	0000000000001010639
1	0000000000001010602
1	0000000000001010526
1	0000000000001010474
1	0000000000001010299
1	00000000000010100000101065
1	000000000000101000000000526
1	0000000000001000578
1	000000000000100000001110299
1	000000000000100000001000359
1	000000000000100000001000299
1	0000000000001000000000000000001065
1	0000000000001000000000000000000074
1	00000000000001116
1	000000000000011100000111299
1	0000000000000101612
1	0000000000000101602
1	0000000000000101578
1	0000000000000101266
1	000000000000010119
1	00000000000001010000010165
1	0000000000000101000000000000000074
1	00000000000001010000000000000000299
1	0000000000000100338
1	000000000000010019
1	0000000000000100000001000110000000000100391
1	0000000000000100000001000000011165
1	0000000000000100000001000000010165
1	000000000000000165
1	00000000000000016
1	000000000000000119
1	000000000000000100000001612
1	0000000000000000581
1	0000000000000000348
1	0000000000000000342
1	0000000000000000326
1	0000000000000000011000006
1	00000000000000000000100065
1	000000000000000000000101359
1	000000000000000000000101338
1	00000000000000000000010100000101612
1	0000000000000000000001000000000000000000299
1	0000000000000000000000100000000000000000299
1	0000000000000000000000005
1	000000000000000000000000391
1	00000000000000000000000001100000299
1	00000000000000000000000000000000642
1	00000000000000000000000000000000602
1	000000000000000000000000000000006
1	00000000000000000000000000000000526
1	0000000000000000000000000000000000001011299
1	00000000000000000000000000000000000000100000000000000000299
1	0000000000000000000000000000000000000000526
1	0000000000000000000000000000000000000000391
1	000000000000000000000000000000000000000000000000612
