32266	0000299
18989	000000000000299
12293	00006
10535	00000000612
9645	00000000266
8924	0000338
8269	0000000065
8059	00000000299
7093	000065
3712	0000000000006
3651	000019
3540	0000612
3470	000000006
3053	00000000338
2715	0000578
2040	0000526
1575	00110011612
1520	001100000000299
1519	00110000338
1334	00000000642
1271	0000474
896	0000580
843	00000000598
717	299
649	00000000580
586	00000000526
555	00000000000065
545	0000575
403	0000000019
384	00000000359
353	0000359
294	000000000000612
283	000000000000555
263	00000000602
238	0000348
235	0000602
230	00000000222
202	00000000000019
196	00000000000000000000327
179	000000000000327
170	00000000000000000000299
168	0000000000000000299
141	0000224
137	43
134	000000000000474
125	000000000000326
119	0000554
102	0100299
100	0000000000000000612
98	109
97	0000000068
97	000000000000602
95	0000000000000000109
83	1000299
83	00000000474
74	639
70	00000000639
67	0000334
64	00000000000000000000326
60	100000000000299
57	00000000578
56	00110000299
56	0000001165
55	000000000000338
54	000000005
54	000000000000581
48	0100000065
47	010065
47	0100224
46	0100334
45	001065
45	00100000299
43	00100010612
40	10000000299
29	000000000000642
27	00000000555
26	0000000000000000474
25	10001000299
20	10001000612
19	0000571
18	000000000000222
16	00000000556
14	100010000000299
13	100065
13	10006
13	1000474
11	526
10	000010000000299
10	000000000000359
10	0000000000000000266
9	10000000266
9	00001000526
9	00001000299
8	79
8	0001299
8	00000000100000000000299
8	000000000000526
7	1000100065
7	010000000000299
7	000000000000266
6	74
6	1000526
6	1000359
6	100019
6	00001000266
5	1000612
5	0000642
5	000060
5	000000001000299
5	000000000000575
4	100010001000299
4	000100000000299
4	000059
4	00000000597
3	65
3	1000580
3	10001000334
3	1000000065
3	10000000602
3	0011299
3	0000108
3	00001000602
3	000000000000109
3	000000000000000074
3	000000000000000065
3	00000000000000000000474
2	1000108
2	10001000642
2	100010006
2	10001000359
2	1000100019
2	10001000100065
2	10000000639
2	100000006
2	10000000359
2	1000000019
2	0011526
2	0011000165
2	0001526
2	00010000299
2	00001000639
2	000010006
2	00000000554
2	00000000000074
2	000000000000571
1	539
1	474
1	1000602
1	1000578
1	1000554
1	10001000602
1	100010001000602
1	10001000000065
1	1000100000006
1	100010000000000074
1	1000000010006
1	10000000000065
1	0100526
1	01000000299
1	00110001299
1	0011000065
1	0010334
1	001000010000299
1	00010001642
1	00010000266
1	0000100065
1	00001000578
1	000010001000612
1	000010001000555
1	000010001000334
1	00001000000065
1	0000100000000000299
1	00000001474
1	00000001299
1	00000000581
1	00000000348
1	00000000342
1	00000000333
1	0000000010001000612
1	0000000010001000299
1	0000000010000000299
1	0000000001000100612
1	0000000000005
1	0000000000000000642
1	0000000000000000602
1	00000000000000006
