8688447	000000000000000000000000000000000000000000000000299
7333973	0000000000000000299
2785605	0000000000000000338
2510912	0000000000000000000000000000000065
1522669	00000000000000000000000000000000299
1291835	00000000000000000000000000000000266
1131771	000000000000000065
985932	0000000000000000578
985417	00000000000000000000000000000000642
821820	000000000000000000000000000000006
819880	000000000000000019
286416	0000000000000000554
286219	00000000000000000000000000000000578
286145	000000000000000000000000000000000000000000000000359
114660	000000000000000000000000000000000000000000000000301
52270	000000000000000000000000000000000000000000000000306
28472	00000000000000006
21179	0000000000000000602
11426	00000000000000000000000000000000612
4046	00000000000000000000000000000000602
3900	0000000000000000000000000000000000000000000000006
3764	0000000000000000612
3627	00000000000000000000000000000000338
2820	0000000000000000526
2048	299
1988	00000000000000000000000000000000000000000000000000000000000000000000000000000000306
1966	0000000000000000474
1117	109
1008	000000000000000000000000000000000000000000000000109
958	0000000000000000580
843	00000000000000000000000000000000598
769	00000000000000000000000000000000000000000000000065
727	00000000000000000000000000000000580
693	00000000000000000000000000000000526
559	0000000000000000575
453	00000000000000000000000000000000359
428	0000000000000000000000000000000019
365	000000000000000000000000000000000000000000000000612
351	0000000000000000359
332	0000000000000000348
283	000000000000000000000000000000000000000000000000555
253	0000000000000000224
231	00000000000000000000000000000000222
227	00000000000000000000000000000000000000000000000019
218	00000000000000000000000000000000000000000000000000000000000000000000000000000000327
183	0000000000000000000000000000000000000000000000000000000000000000299
179	00000000000000000000000000000000000000000000000000000000000000000000000000000000299
178	000000000000000000000000000000000000000000000000327
161	000000000000000000000000000000000000000000000000474
136	43
134	0000000000000000303
125	000000000000000000000000000000000000000000000000326
124	000000000000000000000000000000000000000000000000307
113	0000000000000000000000000000000000000000000000000000000000000000612
110	000000000000000000000000000000000000000000000000602
109	0000000000000000000000000000000000000000000000000000000000000000109
107	221
107	000000000000000040
107	000000000000000000000000000000000000000000000000221
102	0100000000000000299
101	00000000000000000000000000000000474
97	0000000000000000000000000000000068
84	00110000000000000011000000000000612
78	639
77	001100000000000000000000000000000000000000000000299
76	00000000000000000000000000000000639
70	00000000000000000000000000000000491
69	000000000000000000000000000000000000000000000000338
67	0000000000000000334
64	00000000000000000000000000000000000000000000000000000000000000000000000000000000326
60	00000000000000000000000000000000000000000000000000000000000000000000000000000000307
54	000000000000000000000000000000005
54	000000000000000000000000000000000000000000000000581
48	010000000000000065
48	0100000000000000000000000000000065
47	0100000000000000224
46	0100000000000000334
44	000000000000000000000000000000000000000000000000642
41	1000000000000000299
38	00110000000000000000000000000000338
38	001100000000000000000000000000000000000000000000338
35	000000000000000000000000000000000000000000000000324
31	100000000000000000000000000000000000000000000000299
28	0000000000000000000000000000000000000000000000000000000000000000474
27	00000000000000000000000000000000555
24	526
19	1000000000000000474
18	0000000000000000571
18	000000000000000000000000000000000000000000000000222
16	00000000000000000000000000000000556
15	00000000000000001000000000000000526
14	000000000000000000000000000000000000000000000000000000000000000000000000000000000000000000000000306
12	100000000000000065
12	10000000000000006
11	65
10	00110000000000000000000000000000299
10	00100000000000000000000000000000299
10	000000000000000000110000000000006
10	0000000000000000000000000000000000000000000000000000000000000000266
9	0011000000000000359
9	0011000000000000224
9	00110000000000000011000000000000642
9	0001000000000000299
8	79
8	001000000000000065
8	000000000000000000000000000000000000000000000000526
7	10000000000000001000000000000000612
7	010000000000000000000000000000000000000000000000299
7	00100000000000000010000000000000612
7	000000000000000000000000000000000000000000000000266
6	1000000000000000526
6	0011000000000000453
6	00000000000000001000000000000000266
5	000000000000000060
5	00000000000000001000000000000000299
5	000000000000000000000000000000000000000000000000575
4	0011000000000000526
4	0011000000000000299
4	000100000000000000000000000000000000000000000000299
4	0000000000000000642
4	000000000000000059
4	00000000000000000000000000000000597
3	74
3	1000000000000000580
3	1000000000000000359
3	100000000000000019
3	1000000000000000100000000000000065
3	10000000000000000000000000000000299
3	10000000000000000000000000000000266
3	000000000000000000000000000000001000000000000000299
3	00000000000000000000000000000000000000000000000000000000000000000000000000000000474
2	30
2	1000000000000000612
2	1000000000000000108
2	10000000000000001000000000000000642
2	1000000000000000000000000000000065
2	10000000000000000000000000000000602
2	100000000000000000000000000000006
2	1000000000000000000000000000000019
2	01000000000000000000000000000000299
2	00110000000000000011000000000000532
2	001100000000000000110000000000000011000000000000001100000000000000110000000000000000000000000000391
2	00110000000000000011000000000000001100000000000000110000000000000000000000000000391
2	0011000000000000000100000000000065
2	0001000000000000526
2	00010000000000000000000000000000299
2	000000000000000010000000000000006
2	00000000000000000000000000000000554
2	00000000000000000000000000000000100000000000000000000000000000000000000000000000299
2	000000000000000000000000000000000000000000000000571
2	000000000000000000000000000000000000000000000000000000000000000074
2	000000000000000000000000000000000000000000000000000000000000000065
1	539
1	474
1	338
1	1000000000000000578
1	10000000000000001000000000000000602
1	100000000000000010000000000000006
1	1000000000000000100000000000000000000000000000006
1	100000000000000010000000000000000000000000000000299
1	10000000000000000000000000000000639
1	10000000000000000000000000000000359
1	1000000000000000000000000000000010000000000000006
1	10000000000000000000000000000000000000000000000065
1	011000000000000065
1	01100000000000000110000000000000612
1	0100000000000000526
1	01000000000000000100000000000000612
1	0011000000000000001100000000000000110000000000000000000000000000391
1	00110000000000000001000000000000299
1	00110000000000000000000000000000580
1	00110000000000000000000000000000000000000000000065
1	0010000000000000334
1	001000000000000000010000000000000000000000000000299
1	0001000000000000000100000000000065
1	00010000000000000001000000000000642
1	00010000000000000000000000000000266
1	0000000000000000100000000000000065
1	00000000000000001000000000000000639
1	00000000000000001000000000000000602
1	00000000000000001000000000000000578
1	00000000000000001000000000000000000000000000000065
1	0000000000000000100000000000000000000000000000000000000000000000299
1	00000000000000000011000000000000474
1	000000000000000000110000000000000011000000000000001100000000000000110000000000000000000000000000391
1	000000000000000000010000000000006
1	00000000000000000001000000000000474
1	00000000000000000001000000000000299
1	00000000000000000000000000000000532
1	00000000000000000000000000000000348
1	00000000000000000000000000000000342
1	00000000000000000000000000000000334
1	0000000000000000000000000000000001000000000000000100000000000000612
1	00000000000000000000000000000000000000000000000074
1	0000000000000000000000000000000000000000000000005
1	0000000000000000000000000000000000000000000000000000000000000000642
1	0000000000000000000000000000000000000000000000000000000000000000602
1	00000000000000000000000000000000000000000000000000000000000000006
