32266	00000000299
18989	000000000000000000000000299
12293	000000006
10535	0000000000000000612
9645	0000000000000000266
8924	00000000338
8269	000000000000000065
8059	0000000000000000299
7093	0000000065
3712	0000000000000000000000006
3651	0000000019
3540	00000000612
3470	00000000000000006
3053	0000000000000000338
2715	00000000578
2040	00000000526
1575	0011000000110000612
1520	001100000000000000000000299
1519	0011000000000000338
1334	0000000000000000642
1271	00000000474
896	00000000580
843	0000000000000000598
717	299
649	0000000000000000580
586	0000000000000000526
555	00000000000000000000000065
545	00000000575
403	000000000000000019
384	0000000000000000359
353	00000000359
294	000000000000000000000000612
283	000000000000000000000000555
263	0000000000000000602
238	00000000348
235	00000000602
230	0000000000000000222
202	00000000000000000000000019
196	0000000000000000000000000000000000000000327
179	000000000000000000000000327
170	0000000000000000000000000000000000000000299
168	00000000000000000000000000000000299
141	00000000224
137	43
134	000000000000000000000000474
125	000000000000000000000000326
119	00000000554
102	01000000299
100	00000000000000000000000000000000612
98	109
97	000000000000000068
97	000000000000000000000000602
95	00000000000000000000000000000000109
83	10000000299
83	0000000000000000474
74	639
70	0000000000000000639
67	00000000334
64	0000000000000000000000000000000000000000326
60	100000000000000000000000299
57	0000000000000000578
56	0011000000000000299
56	000000000011000065
55	000000000000000000000000338
54	00000000000000005
54	000000000000000000000000581
48	010000000000000065
47	0100000065
47	01000000224
46	01000000334
45	0010000065
45	0010000000000000299
43	0010000000100000612
40	1000000000000000299
29	000000000000000000000000642
27	0000000000000000555
26	00000000000000000000000000000000474
25	1000000010000000299
20	1000000010000000612
19	00000000571
18	000000000000000000000000222
16	0000000000000000556
14	100000001000000000000000299
13	1000000065
13	100000006
13	10000000474
11	526
10	000000001000000000000000299
10	000000000000000000000000359
10	00000000000000000000000000000000266
9	1000000000000000266
9	0000000010000000526
9	0000000010000000299
8	79
8	00010000299
8	0000000000000000100000000000000000000000299
8	000000000000000000000000526
7	100000001000000065
7	010000000000000000000000299
7	000000000000000000000000266
6	74
6	10000000526
6	10000000359
6	1000000019
6	0000000010000000266
5	10000000612
5	00000000642
5	0000000060
5	000000000000000010000000299
5	000000000000000000000000575
4	100000001000000010000000299
4	000100000000000000000000299
4	0000000059
4	0000000000000000597
3	65
3	10000000580
3	1000000010000000334
3	100000000000000065
3	1000000000000000602
3	00110000299
3	00000000108
3	0000000010000000602
3	000000000000000000000000109
3	0000000000000000000000000000000074
3	0000000000000000000000000000000065
3	0000000000000000000000000000000000000000474
2	10000000108
2	1000000010000000642
2	10000000100000006
2	1000000010000000359
2	100000001000000019
2	10000000100000001000000065
2	1000000000000000639
2	10000000000000006
2	1000000000000000359
2	100000000000000019
2	00110000526
2	001100000001000065
2	00010000526
2	0001000000000000299
2	0000000010000000639
2	00000000100000006
2	0000000000000000554
2	00000000000000000000000074
2	000000000000000000000000571
1	539
1	474
1	10000000602
1	10000000578
1	10000000554
1	1000000010000000602
1	100000001000000010000000602
1	10000000100000000000000065
1	1000000010000000000000006
1	1000000010000000000000000000000074
1	1000000000000000100000006
1	10000000000000000000000065
1	01000000526
1	0100000000000000299
1	0011000000010000299
1	001100000000000065
1	00100000334
1	001000000001000000000000299
1	0001000000010000642
1	0001000000000000266
1	000000001000000065
1	0000000010000000578
1	000000001000000010000000612
1	000000001000000010000000555
1	000000001000000010000000334
1	00000000100000000000000065
1	00000000100000000000000000000000299
1	0000000000010000474
1	0000000000010000299
1	0000000000000000581
1	0000000000000000348
1	0000000000000000342
1	0000000000000000333
1	00000000000000001000000010000000612
1	00000000000000001000000010000000299
1	00000000000000001000000000000000299
1	00000000000000000100000001000000612
1	0000000000000000000000005
1	00000000000000000000000000000000642
1	00000000000000000000000000000000602
1	000000000000000000000000000000006
