8688447	000000000000299
7333973	0000299
2785605	0000338
2510912	0000000065
1522669	00000000299
1291835	00000000266
1131771	000065
985932	0000578
985417	00000000642
821820	000000006
819880	000019
286416	0000554
286219	00000000578
286145	000000000000359
114660	000000000000301
52270	000000000000306
28472	00006
21179	0000602
11426	00000000612
4046	00000000602
3900	0000000000006
3764	0000612
3627	00000000338
2820	0000526
2048	299
1988	00000000000000000000306
1966	0000474
1117	109
1008	000000000000109
958	0000580
843	00000000598
769	00000000000065
727	00000000580
693	00000000526
559	0000575
453	00000000359
428	0000000019
365	000000000000612
351	0000359
332	0000348
283	000000000000555
253	0000224
231	00000000222
227	00000000000019
218	00000000000000000000327
183	0000000000000000299
179	00000000000000000000299
178	000000000000327
161	000000000000474
136	43
134	0000303
125	000000000000326
124	000000000000307
113	0000000000000000612
110	000000000000602
109	0000000000000000109
107	221
107	000040
107	000000000000221
102	0100299
101	00000000474
97	0000000068
84	00110011612
78	639
77	001100000000299
76	00000000639
70	00000000491
69	000000000000338
67	0000334
64	00000000000000000000326
60	00000000000000000000307
54	000000005
54	000000000000581
48	010065
48	0100000065
47	0100224
46	0100334
44	000000000000642
41	1000299
38	00110000338
38	001100000000338
35	000000000000324
31	100000000000299
28	0000000000000000474
27	00000000555
24	526
19	1000474
18	0000571
18	000000000000222
16	00000000556
15	00001000526
14	000000000000000000000000306
12	100065
12	10006
11	65
10	00110000299
10	00100000299
10	000000116
10	0000000000000000266
9	0011359
9	0011224
9	00110011642
9	0001299
8	79
8	001065
8	000000000000526
7	10001000612
7	010000000000299
7	00100010612
7	000000000000266
6	1000526
6	0011453
6	00001000266
5	000060
5	00001000299
5	000000000000575
4	0011526
4	0011299
4	000100000000299
4	0000642
4	000059
4	00000000597
3	74
3	1000580
3	1000359
3	100019
3	1000100065
3	10000000299
3	10000000266
3	000000001000299
3	00000000000000000000474
2	30
2	1000612
2	1000108
2	10001000642
2	1000000065
2	10000000602
2	100000006
2	1000000019
2	01000000299
2	00110011532
2	001100110011001100110000391
2	00110011001100110000391
2	0011000165
2	0001526
2	00010000299
2	000010006
2	00000000554
2	00000000100000000000299
2	000000000000571
2	000000000000000074
2	000000000000000065
1	539
1	474
1	338
1	1000578
1	10001000602
1	100010006
1	1000100000006
1	100010000000299
1	10000000639
1	10000000359
1	1000000010006
1	10000000000065
1	011065
1	01100110612
1	0100526
1	01000100612
1	0011001100110000391
1	00110001299
1	00110000580
1	00110000000065
1	0010334
1	001000010000299
1	0001000165
1	00010001642
1	00010000266
1	0000100065
1	00001000639
1	00001000602
1	00001000578
1	00001000000065
1	0000100000000000299
1	00000011474
1	000000110011001100110000391
1	000000016
1	00000001474
1	00000001299
1	00000000532
1	00000000348
1	00000000342
1	00000000334
1	0000000001000100612
1	00000000000074
1	0000000000005
1	0000000000000000642
1	0000000000000000602
1	00000000000000006
