8688447	000000000000000000000000299
7333973	00000000299
2785605	00000000338
2510912	000000000000000065
1522669	0000000000000000299
1291835	0000000000000000266
1131771	0000000065
985932	00000000578
985417	0000000000000000642
821820	00000000000000006
819880	0000000019
286416	00000000554
286219	0000000000000000578
286145	000000000000000000000000359
114660	000000000000000000000000301
52270	000000000000000000000000306
28472	000000006
21179	00000000602
11426	0000000000000000612
4046	0000000000000000602
3900	0000000000000000000000006
3764	00000000612
3627	0000000000000000338
2820	00000000526
2048	299
1988	0000000000000000000000000000000000000000306
1966	00000000474
1117	109
1008	000000000000000000000000109
958	00000000580
843	0000000000000000598
769	00000000000000000000000065
727	0000000000000000580
693	0000000000000000526
559	00000000575
453	0000000000000000359
428	000000000000000019
365	000000000000000000000000612
351	00000000359
332	00000000348
283	000000000000000000000000555
253	00000000224
231	0000000000000000222
227	00000000000000000000000019
218	0000000000000000000000000000000000000000327
183	00000000000000000000000000000000299
179	0000000000000000000000000000000000000000299
178	000000000000000000000000327
161	000000000000000000000000474
136	43
134	00000000303
125	000000000000000000000000326
124	000000000000000000000000307
113	00000000000000000000000000000000612
110	000000000000000000000000602
109	00000000000000000000000000000000109
107	221
107	0000000040
107	000000000000000000000000221
102	01000000299
101	0000000000000000474
97	000000000000000068
84	0011000000110000612
78	639
77	001100000000000000000000299
76	0000000000000000639
70	0000000000000000491
69	000000000000000000000000338
67	00000000334
64	0000000000000000000000000000000000000000326
60	0000000000000000000000000000000000000000307
54	00000000000000005
54	000000000000000000000000581
48	0100000065
48	010000000000000065
47	01000000224
46	01000000334
44	000000000000000000000000642
41	10000000299
38	0011000000000000338
38	001100000000000000000000338
35	000000000000000000000000324
31	100000000000000000000000299
28	00000000000000000000000000000000474
27	0000000000000000555
24	526
19	10000000474
18	00000000571
18	000000000000000000000000222
16	0000000000000000556
15	0000000010000000526
14	000000000000000000000000000000000000000000000000306
12	1000000065
12	100000006
11	65
10	0011000000000000299
10	0010000000000000299
10	00000000001100006
10	00000000000000000000000000000000266
9	00110000359
9	00110000224
9	0011000000110000642
9	00010000299
8	79
8	0010000065
8	000000000000000000000000526
7	1000000010000000612
7	010000000000000000000000299
7	0010000000100000612
7	000000000000000000000000266
6	10000000526
6	00110000453
6	0000000010000000266
5	0000000060
5	0000000010000000299
5	000000000000000000000000575
4	00110000526
4	00110000299
4	000100000000000000000000299
4	00000000642
4	0000000059
4	0000000000000000597
3	74
3	10000000580
3	10000000359
3	1000000019
3	100000001000000065
3	1000000000000000299
3	1000000000000000266
3	000000000000000010000000299
3	0000000000000000000000000000000000000000474
2	30
2	10000000612
2	10000000108
2	1000000010000000642
2	100000000000000065
2	1000000000000000602
2	10000000000000006
2	100000000000000019
2	0100000000000000299
2	0011000000110000532
2	001100000011000000110000001100000011000000000000391
2	0011000000110000001100000011000000000000391
2	001100000001000065
2	00010000526
2	0001000000000000299
2	00000000100000006
2	0000000000000000554
2	0000000000000000100000000000000000000000299
2	000000000000000000000000571
2	0000000000000000000000000000000074
2	0000000000000000000000000000000065
1	539
1	474
1	338
1	10000000578
1	1000000010000000602
1	10000000100000006
1	1000000010000000000000006
1	100000001000000000000000299
1	1000000000000000639
1	1000000000000000359
1	1000000000000000100000006
1	10000000000000000000000065
1	0110000065
1	0110000001100000612
1	01000000526
1	0100000001000000612
1	00110000001100000011000000000000391
1	0011000000010000299
1	0011000000000000580
1	00110000000000000000000065
1	00100000334
1	001000000001000000000000299
1	000100000001000065
1	0001000000010000642
1	0001000000000000266
1	000000001000000065
1	0000000010000000639
1	0000000010000000602
1	0000000010000000578
1	00000000100000000000000065
1	00000000100000000000000000000000299
1	0000000000110000474
1	000000000011000000110000001100000011000000000000391
1	00000000000100006
1	0000000000010000474
1	0000000000010000299
1	0000000000000000532
1	0000000000000000348
1	0000000000000000342
1	0000000000000000334
1	00000000000000000100000001000000612
1	00000000000000000000000074
1	0000000000000000000000005
1	00000000000000000000000000000000642
1	00000000000000000000000000000000602
1	000000000000000000000000000000006
