32266	0000000000000000299
18989	000000000000000000000000000000000000000000000000299
12293	00000000000000006
10535	00000000000000000000000000000000612
9645	00000000000000000000000000000000266
8924	0000000000000000338
8269	0000000000000000000000000000000065
8059	00000000000000000000000000000000299
7093	000000000000000065
3712	0000000000000000000000000000000000000000000000006
3651	000000000000000019
3540	0000000000000000612
3470	000000000000000000000000000000006
3053	00000000000000000000000000000000338
2715	0000000000000000578
2040	0000000000000000526
1575	00110000000000000011000000000000612
1520	001100000000000000000000000000000000000000000000299
1519	00110000000000000000000000000000338
1334	00000000000000000000000000000000642
1271	0000000000000000474
896	0000000000000000580
843	00000000000000000000000000000000598
717	299
649	00000000000000000000000000000000580
586	00000000000000000000000000000000526
555	00000000000000000000000000000000000000000000000065
545	0000000000000000575
403	0000000000000000000000000000000019
384	00000000000000000000000000000000359
353	0000000000000000359
294	000000000000000000000000000000000000000000000000612
283	000000000000000000000000000000000000000000000000555
263	00000000000000000000000000000000602
238	0000000000000000348
235	0000000000000000602
230	00000000000000000000000000000000222
202	00000000000000000000000000000000000000000000000019
196	00000000000000000000000000000000000000000000000000000000000000000000000000000000327
179	000000000000000000000000000000000000000000000000327
170	00000000000000000000000000000000000000000000000000000000000000000000000000000000299
168	0000000000000000000000000000000000000000000000000000000000000000299
141	0000000000000000224
137	43
134	000000000000000000000000000000000000000000000000474
125	000000000000000000000000000000000000000000000000326
119	0000000000000000554
102	0100000000000000299
100	0000000000000000000000000000000000000000000000000000000000000000612
98	109
97	0000000000000000000000000000000068
97	000000000000000000000000000000000000000000000000602
95	0000000000000000000000000000000000000000000000000000000000000000109
83	1000000000000000299
83	00000000000000000000000000000000474
74	639
70	00000000000000000000000000000000639
67	0000000000000000334
64	00000000000000000000000000000000000000000000000000000000000000000000000000000000326
60	100000000000000000000000000000000000000000000000299
57	00000000000000000000000000000000578
56	00110000000000000000000000000000299
56	0000000000000000001100000000000065
55	000000000000000000000000000000000000000000000000338
54	000000000000000000000000000000005
54	000000000000000000000000000000000000000000000000581
48	0100000000000000000000000000000065
47	010000000000000065
47	0100000000000000224
46	0100000000000000334
45	001000000000000065
45	00100000000000000000000000000000299
43	00100000000000000010000000000000612
40	10000000000000000000000000000000299
29	000000000000000000000000000000000000000000000000642
27	00000000000000000000000000000000555
26	0000000000000000000000000000000000000000000000000000000000000000474
25	10000000000000001000000000000000299
20	10000000000000001000000000000000612
19	0000000000000000571
18	000000000000000000000000000000000000000000000000222
16	00000000000000000000000000000000556
14	100000000000000010000000000000000000000000000000299
13	100000000000000065
13	10000000000000006
13	1000000000000000474
11	526
10	000000000000000010000000000000000000000000000000299
10	000000000000000000000000000000000000000000000000359
10	0000000000000000000000000000000000000000000000000000000000000000266
9	10000000000000000000000000000000266
9	00000000000000001000000000000000526
9	00000000000000001000000000000000299
8	79
8	0001000000000000299
8	00000000000000000000000000000000100000000000000000000000000000000000000000000000299
8	000000000000000000000000000000000000000000000000526
7	1000000000000000100000000000000065
7	010000000000000000000000000000000000000000000000299
7	000000000000000000000000000000000000000000000000266
6	74
6	1000000000000000526
6	1000000000000000359
6	100000000000000019
6	00000000000000001000000000000000266
5	1000000000000000612
5	0000000000000000642
5	000000000000000060
5	000000000000000000000000000000001000000000000000299
5	000000000000000000000000000000000000000000000000575
4	100000000000000010000000000000001000000000000000299
4	000100000000000000000000000000000000000000000000299
4	000000000000000059
4	00000000000000000000000000000000597
3	65
3	1000000000000000580
3	10000000000000001000000000000000334
3	1000000000000000000000000000000065
3	10000000000000000000000000000000602
3	0011000000000000299
3	0000000000000000108
3	00000000000000001000000000000000602
3	000000000000000000000000000000000000000000000000109
3	000000000000000000000000000000000000000000000000000000000000000074
3	000000000000000000000000000000000000000000000000000000000000000065
3	00000000000000000000000000000000000000000000000000000000000000000000000000000000474
2	1000000000000000108
2	10000000000000001000000000000000642
2	100000000000000010000000000000006
2	10000000000000001000000000000000359
2	1000000000000000100000000000000019
2	10000000000000001000000000000000100000000000000065
2	10000000000000000000000000000000639
2	100000000000000000000000000000006
2	10000000000000000000000000000000359
2	1000000000000000000000000000000019
2	0011000000000000526
2	0011000000000000000100000000000065
2	0001000000000000526
2	00010000000000000000000000000000299
2	00000000000000001000000000000000639
2	000000000000000010000000000000006
2	00000000000000000000000000000000554
2	00000000000000000000000000000000000000000000000074
2	000000000000000000000000000000000000000000000000571
1	539
1	474
1	1000000000000000602
1	1000000000000000578
1	1000000000000000554
1	10000000000000001000000000000000602
1	100000000000000010000000000000001000000000000000602
1	10000000000000001000000000000000000000000000000065
1	1000000000000000100000000000000000000000000000006
1	100000000000000010000000000000000000000000000000000000000000000074
1	1000000000000000000000000000000010000000000000006
1	10000000000000000000000000000000000000000000000065
1	0100000000000000526
1	01000000000000000000000000000000299
1	00110000000000000001000000000000299
1	0011000000000000000000000000000065
1	0010000000000000334
1	001000000000000000010000000000000000000000000000299
1	00010000000000000001000000000000642
1	00010000000000000000000000000000266
1	0000000000000000100000000000000065
1	00000000000000001000000000000000578
1	000000000000000010000000000000001000000000000000612
1	000000000000000010000000000000001000000000000000555
1	000000000000000010000000000000001000000000000000334
1	00000000000000001000000000000000000000000000000065
1	0000000000000000100000000000000000000000000000000000000000000000299
1	00000000000000000001000000000000474
1	00000000000000000001000000000000299
1	00000000000000000000000000000000581
1	00000000000000000000000000000000348
1	00000000000000000000000000000000342
1	00000000000000000000000000000000333
1	0000000000000000000000000000000010000000000000001000000000000000612
1	0000000000000000000000000000000010000000000000001000000000000000299
1	0000000000000000000000000000000010000000000000000000000000000000299
1	0000000000000000000000000000000001000000000000000100000000000000612
1	0000000000000000000000000000000000000000000000005
1	0000000000000000000000000000000000000000000000000000000000000000642
1	0000000000000000000000000000000000000000000000000000000000000000602
1	00000000000000000000000000000000000000000000000000000000000000006
