52782	0000000000000000299
27935	000000000000000000000000000000000000000000000000299
14324	00000000000000000000000000000000612
14260	00000000000000006
13112	00000000000000000000000000000000266
12361	00000000000000000000000000000000299
11638	0000000000000000000000000000000065
9747	0000000000000000338
9183	000000000000000065
4614	000000000000000000000000000000006
4212	000000000000000019
4111	00000000000000000000000000000000338
4006	0000000000000000612
3818	0000000000000000000000000000000000000000000000006
3745	0000000000000000526
3105	0000000000000000578
2774	299
2292	0000000000000000474
2201	00000000000000000000000000000000642
1769	0000000000000000580
1710	00000000000000000000000000000000602
1446	00000000000000000000000000000000578
1367	0001111111111111299
1206	0000000000000000108
1193	00000000000000000000000000000000580
1044	00000000000000000000000000000000000000000000000065
1039	0000000000000000224
1026	00000000000000000000000000000000526
984	0000000000000000000000000000000019
949	000111111111111100000000000000000000000000000000299
922	011010000000000000000000000000000000000000000000299
907	00000000000000000000000000000000598
898	01101000000000000000000000000000299
592	0000000000000000575
580	01101000000000000000000000000000266
560	0110100000000000000000000000000065
558	0000000000000000359
528	000000000000000000000000000000000000000000000000612
513	00000000000000000000000000000000359
501	000111111111111100011111111111110000000000000000299
419	0110100000000000299
410	00000000000000000000000000000000000000000000000000000000000000000000000000000000299
397	000111111111111119
383	0001111111111111612
357	000111111111111165
352	0000000000000000602
320	00011111111111110001111111111111299
314	0000000000000000000000000000000000000000000000000000000000000000299
300	0000000000000000348
299	01101000000000000110100000000000612
290	00000000000000000001111111111111299
289	000000000000000000000000000000000000000000000000555
288	01101000000000000000000000000000224
288	000000000000000000000000000000000110100000000000299
282	00000000000000000000000000000000000000000000000000000000000000000000000000000000327
262	0001111111111111000111111111111165
262	00011111111111110001111111111111612
258	00000000000000000110100000000000328
242	000000000000000000000000000000000000000000000000327
242	00000000000000000000000000000000000000000000000019
232	00000000000000000000000000000000222
229	00000000000000000000000000000000474
218	74
217	000000000000000000000000000000000000000000000000000000000000000074
201	00011111111111110000000000000000299
188	00011111111111110000000000000000000000000000000065
186	0001111111111111602
184	000111111111111100000000000000000001111111111111299
180	000000000000000000000000000000000000000000000000474
153	00011111111111110001111111111111000111111111111165
148	0000000000000000554
144	0000010000000000299
140	43
134	011011000000000000000000000000000000000000000000299
133	000000000000000000000000000000000000000000000000326
128	0000000000000000000000000000000000000000000000000000000000000000612
127	0000000000000000571
126	109
122	000000000000000000000000000000000000000000000000602
122	0000000000000000000000000000000000000000000000000000000000000000109
121	01101100000000000000000000000000299
119	001010000000000000000000000000000000000000000000299
116	00000100000000000000000000000000299
109	000000000000000000000000000000000000000000000000000000000000000065
108	0000001000000000299
106	0110100000000000224
105	000111111111111100011111111111116
105	0000000000000000011010000000000065
104	0001111111111111359
104	00011111111111110001111111111111266
97	0000000000000000000000000000000068
95	00011111111111110001111111111111642
94	00011111111111110000000000000000266
93	0001111111111111580
93	0001111111111111348
93	000000000000000000011111111111110001111111111111299
93	00000000000000000000000000000000000111111111111100000000000000000000000000000000299
88	0110111001011001299
88	0000100000000000299
87	0001000000000000299
83	00101000000000000010100000000000612
82	639
82	00000000000000000000000000000000639
78	0110111001010000299
77	00000010000000000000000000000000000111111111111165
76	000111111111111100011111111111110001111111111111299
76	000000000000000000011111111111110000000000000000299
76	000000000000000000000000000000000000000000000000338
75	000111111111111100011111111111110001111111111111612
72	00000000000000000000000000000000000000000000000000000000000000000000000000000000326
63	01101100000000000000000000000000266
62	01101000000000000000000000000000602
62	00000000000000000110100000000000299
60	01101100000000000000000000000000602
60	0000000100000000299
60	0000000010000000299
60	0000000001000000299
60	0000000000100000299
60	0000000000010000299
60	0000000000001000299
60	0000000000000100299
60	0000000000000010299
60	0000000000000001299
60	00000000000000000110110000000000299
58	00101000000000000000000000000000334
54	01101000000000000110100000000000328
54	001010000000000000000000000000000000000000000000338
54	000000000000000000000000000000005
54	000000000000000000000000000000000000000000000000581
53	000000000000000000000000000000000000000000000000642
50	526
49	000100000000000000000000000000000000000000000000299
49	000001000000000000000000000000000000000000000000299
49	000000100000000000000000000000000000000000000000299
48	011010000000000000000100000000000000000000000000328
47	0110110000000000000000000000000065
46	000010000000000000000000000000000000000000000000299
40	0110110000000000299
39	011011100101000000000000000000000000000000000000299
36	011011100101100100000000000000000000000000000000299
33	01101100000000000110110000000000612
32	011011000000000000000010000000000000000000000000328
32	0010100000000000000000000000000065
32	000000010000000000000000000000000000000000000000299
32	000000001000000000000000000000000000000000000000299
32	000000000100000000000000000000000000000000000000299
32	000000000010000000000000000000000000000000000000299
32	000000000001000000000000000000000000000000000000299
32	000000000000100000000000000000000000000000000000299
32	000000000000010000000000000000000000000000000000299
32	000000000000001000000000000000000000000000000000299
32	000000000000000100000000000000000000000000000000299
30	01101100000000000110110000000000328
30	01101100000000000000000000000000224
30	000000000000000000000000000000000110110000000000299
29	0000000000000000000000000000000000000000000000000000000000000000474
28	011011100101100165
28	0110111001010001299
28	0110111001000000299
28	00000000000000000010100000000000612
27	0100000000000000299
27	00101000000000000000000000000000338
27	00011111111111110000000000000000000111111111111165
27	00000000000000000000000000000000555
25	0000000000000000334
24	65
24	011011100101000065
22	011011000000000000000100000000000000000000000000328
22	011010000000000000001000000000000000000000000000328
20	011110000000000000010000000000000000000000000000328
20	011010100000000000000010000000000000000000000000328
20	011010010000000000000001000000000000000000000000328
20	011010001000000000000000100000000000000000000000328
20	011010000100000000000000010000000000000000000000328
20	011010000010000000000000001000000000000000000000328
20	011010000001000000000000000100000000000000000000328
20	011010000000100000000000000010000000000000000000328
20	011010000000010000000000000001000000000000000000328
20	011010000000001000000000000000100000000000000000328
20	011010000000000100000000000000010000000000000000328
20	0000011000000000299
19	1000000000000000299
19	00010000000000006
19	00000010000000006
19	000000000000000001000000000000006
18	0100000000000000224
18	01000000000000000100000000000000642
18	00000100000000006
18	000000000000000000000000000000000000000000000000222
17	0100000000000000359
17	00001000000000006
16	0110111001010000108
16	00100000000000000000000000000000299
16	00000001000000006
16	00000000100000006
16	00000000010000006
16	00000000001000006
16	00000000000100006
16	00000000000010006
16	00000000000001006
16	00000000000000106
16	00000000000000016
16	00000000000000000000000000000000556
15	01000000000000000100000000000000612
15	00010000000000000000000000000000266
14	100000000000000000000000000000000000000000000000299
13	00001000000000000000000000000000266
13	000000000000000000000000000000000000000000000000359
12	01101110010110016
12	01101110010110010110111001011001602
12	01101110010110010110111001011001580
12	0110111001011001000000000000000065
12	011011100100000000000000000000000000000000000000299
12	00100000000000000010000000000000612
12	000001100000000000000000000000000000000000000000299
11	00000100000000000000000000000000266
10	01101110010110010110111001011001642
10	011011100101000100000000000000000000000000000000299
10	0100000000000000526
10	010000000000000000000000000000000000000000000000299
10	000110000000000000000000000000000000000000000000299
10	00000010000000000000000000000000266
10	000000000000000000000000000000000000000000000000526
10	0000000000000000000000000000000000000000000000000000000000000000266
9	01101110010100000110111001010000602
9	0110111001010000000000000000000065
9	0110110001000000299
9	0100000000000000000000000000000065
9	01000000000000000000000000000000642
9	00001000000000000000000000000000299
9	00000010000000000000000000000000299
9	000000000000000060
9	000000000000000000000000000000000000000000000000266
8	79
8	011011100101000165
8	01101110010100000110111001010000642
8	01101110010100000000000000000000266
8	011011100100000065
8	0110100000000000453
8	01000000000000000000000000000000299
8	0010100000000000299
8	00101000000000000000000000000000000000000000000065
8	0001011111111111299
8	000100000000000000000100000000000000000000000000328
8	000100000000000000000000000000010000000000000000299
8	00010000000000000000000000000000299
8	00001100000000000001111111111111299
8	000010000000000000010000000000000000000000000000299
8	000010000000000000000100000000000000000000000000328
8	0000011111111111299
8	0000011111111110299
8	0000011111111100299
8	0000011111111000299
8	0000011111110000299
8	0000011111100000299
8	0000011111000000299
8	0000011110000000299
8	000001000000000000001000000000000000000000000000299
8	000001000000000000000100000000000000000000000000328
8	000000100000000000000100000000000000000000000000328
8	000000100000000000000100000000000000000000000000299
8	000000010000000000000100000000000000000000000000328
8	000000010000000000000010000000000000000000000000299
8	00000001000000000000000000000000299
8	00000001000000000000000000000000266
8	000000001000000000000100000000000000000000000000328
8	000000001000000000000001000000000000000000000000299
8	00000000100000000000000000000000299
8	00000000100000000000000000000000266
8	000000000100000000000100000000000000000000000000328
8	000000000100000000000000100000000000000000000000299
8	00000000010000000000000000000000299
8	00000000010000000000000000000000266
8	000000000010000000000100000000000000000000000000328
8	000000000010000000000000010000000000000000000000299
8	00000000001000000000000000000000299
8	00000000001000000000000000000000266
8	000000000001000000000100000000000000000000000000328
8	000000000001000000000000001000000000000000000000299
8	00000000000100000000000000000000299
8	00000000000100000000000000000000266
8	000000000000100000000100000000000000000000000000328
8	000000000000100000000000000100000000000000000000299
8	00000000000010000000000000000000299
8	00000000000010000000000000000000266
8	000000000000010000000100000000000000000000000000328
8	000000000000010000000000000010000000000000000000299
8	00000000000001000000000000000000299
8	00000000000001000000000000000000266
8	000000000000001000000100000000000000000000000000328
8	000000000000001000000000000001000000000000000000299
8	00000000000000100000000000000000299
8	00000000000000100000000000000000266
8	000000000000000100000100000000000000000000000000328
8	000000000000000100000000000000100000000000000000299
8	00000000000000010000000000000000299
8	00000000000000010000000000000000266
8	0000000000000000001000000000000065
8	00000000000000000001000000000000328
8	00000000000000000000100000000000328
8	00000000000000000000010000000000328
8	00000000000000000000001000000000328
8	00000000000000000000000100000000328
8	00000000000000000000000010000000328
8	00000000000000000000000001000000328
8	00000000000000000000000000100000328
8	00000000000000000000000000010000328
8	00000000000000000000000000001000328
8	00000000000000000000000000000100328
8	00000000000000000000000000000010328
8	00000000000000000000000000000001328
7	30
7	01101110010100000110111001010000580
7	01101000000000006
7	0110100000000000011010000000000000000000000000006
7	011010000000000000000000000000006
7	0001100000000000299
7	00011000000000000001111111111111299
7	00010000000000010001111111111111299
7	0001000000000000000100000000000065
7	00000110000000000001111111111111299
7	00000011000000000001111111111111299
7	00000001100000000001111111111111299
7	00000000110000000001111111111111299
7	00000000011000000001111111111111299
7	00000000001100000001111111111111299
7	00000000000110000001111111111111299
7	00000000000011000001111111111111299
7	00000000000001100001111111111111299
7	00000000000000110001111111111111299
6	0110111001011001338
6	0110111001011001011011100101100165
6	01101110010110010110111001011001359
6	01101110010110010110111001011001338
6	01101110010110010110111001011001266
6	0110111001011001011011100101100119
6	011011100101100101101110010100000000000000000000299
6	01101110010110010000000000000000338
6	0110111001011001000000000000000019
6	01101110010100006
6	01101000000000000110100000000000532
6	000101111111111100000000000000000000000000000000299
6	0001000000000000526
6	00010000000000000001100000000000338
6	0000100000000000526
6	000001111111111100000000000000000000000000000000299
6	000001111111111000000000000000000000000000000000299
6	000001111111110000000000000000000000000000000000299
6	000001111111100000000000000000000000000000000000299
6	000001111111000000000000000000000000000000000000299
6	000001111110000000000000000000000000000000000000299
6	000001111100000000000000000000000000000000000000299
6	000001111000000000000000000000000000000000000000299
6	000001100000000065
6	0000011000000000612
6	0000010000000000612
6	00000100000000000110111001011001266
6	0000001000000000612
6	000000000000000059
6	00000000000000000110111001011001578
6	00000000000000000000001000000000299
5	10000000000000001000000000000000612
5	1000000000000000000000000000000065
5	10000000000000000000000000000000266
5	0110111001011001580
5	0110111001010000580
5	0110111001010000338
5	0110111001010000011011100101000065
5	01101110010100000110111001010000338
5	01101110010100000000000000000000338
5	0110111001010000000000000000000019
5	00010000000000000001000000000000299
5	0000010001000000299
5	000001000000000065
5	000000100000000065
5	00000000000000000100000000000000474
5	000000000000000000000000000000000000000000000000575
4	01101110010100016
4	0110111001010001000000000000000065
4	0110111001010000526
4	0110111001010000011011100101000019
4	01101110010000006
4	0110111001000000000000000000000065
4	011011000100000000000000000000000000000000000000299
4	011011000000000000000000000000000000000000000000301
4	01101010000000000110111001000000299
4	01101000000100000110111001011001299
4	01101000000010000110111001011001299
4	0110100000000000612
4	011010000000000000000000000000000000000000000000301
4	01000000000000006
4	0100000000000000453
4	01000000000000000100000000000000532
4	01000000000000000000000000000000266
4	001000000000000065
4	000110000000000065
4	00011000000000000001100000000000642
4	00011000000000000001100000000000612
4	000100000000000065
4	0001000000000000000110000000000065
4	0000011000000000602
4	000001100000000019
4	0000011000000000000001100000000065
4	00000110000000000000000000000000000000000000000065
4	00000100000100000110111001011001299
4	0000000000000000642
4	0000000000000000010000000000000065
4	00000000000000000001000000000000299
4	00000000000000000000010000000000299
4	00000000000000000000000000000000597
3	1000000000000000526
3	1000000000000000474
3	01101110010100010110111001010001602
3	01101110010100010110111001010001580
3	011011100101000001101110010100006
3	01101110010100000110111001010000359
3	01101110010000000110111001000000602
3	01101110010000000110111001000000580
3	0110110000000000011011000000000000000000000000006
3	0110100000000000526
3	0110100000000000474
3	011010000000000000101000000000000010100000000000001010000000000000101000000000000000000000000000391
3	01101000000000000000000000000000580
3	01100000000000000110000000000000612
3	010000000000000065
3	0100000000000000612
3	0100000000000000602
3	0001100000000000359
3	0001100000000000224
3	0001100000000000000000000000000065
3	000101111111111165
3	0001011111111111612
3	0001000000000000612
3	000010000000000065
3	0000100000000000612
3	000001111111111165
3	0000011111111111612
3	000001111111111065
3	0000011111111110612
3	000001111111110065
3	0000011111111100612
3	000001111111100065
3	0000011111111000612
3	000001111111000065
3	0000011111110000612
3	000001111110000065
3	0000011111100000612
3	000001111100000065
3	0000011111000000612
3	000001111000000065
3	0000011110000000612
3	000001100000000000000000000000000000011000000000299
3	00000100000000000110111001010000266
3	00000010000000000000001000000000642
3	00000000000000001000000000000000526
3	0000000000000000011011100101000065
3	000000000000000001101110010100006
3	00000000000000000110111001010000578
3	000000000000000000011000000000006
3	000000000000000000010000000000000001000000000000602
3	000000000000000000010000000000000000000000000000299
3	00000000000000000000100000000000299
3	00000000000000000000011000000000299
3	000000000000000000000000000000000110111001010000299
3	00000000000000000000000000000000000100000000000065
3	000000000000000000000000000000000000000000000000109
3	00000000000000000000000000000000000000000000000000000000000000000000000000000000474
2	100000000000000065
2	10000000000000000000000000000000299
2	0110111001010001580
2	0110111001010001338
2	0110111001010001011011100101000165
2	01101110010100010110111001010001642
2	01101110010100010110111001010001359
2	01101110010100010110111001010001338
2	01101110010100010110111001010001266
2	0110111001010001011011100101000119
2	011011100101000101101110010100000000000000000000299
2	01101110010100010000000000000000338
2	0110111001010001000000000000000019
2	01101110010100000110111001010000266
2	011011100101000001101110010100000000000000000000299
2	0110111001000000580
2	0110111001000000338
2	0110111001000000011011100100000065
2	01101110010000000110111001000000642
2	01101110010000000110111001000000359
2	01101110010000000110111001000000338
2	01101110010000000110111001000000266
2	0110111001000000011011100100000019
2	01101110010000000000000000000000338
2	0110111001000000000000000000000019
2	01101110000000000110111001010000338
2	011011000100000065
2	0110110001000000000000000000000065
2	01101100000000000110111001010000338
2	01101010000000000110111001000000338
2	011010100000000001101110010000000110111001000000338
2	01101000010000000110111001011001299
2	01101000010000000110111001010001299
2	01101000010000000110111001010000299
2	01101000010000000000010001000000299
2	01101000000100000110111001011001338
2	011010000001000001101110010110010110111001011001338
2	01101000000100000110111001010000299
2	01101000000010000110111001011001338
2	011010000000100001101110010110010110111001011001338
2	01101000000000010110111001010001299
2	0110100000000000578
2	01101000000000000110111001011001299
2	011010000000000001101000000000000000000000000000602
2	010000000000000019
2	01000000000000000100000000000000266
2	001010000000000065
2	0010100000000000526
2	00011111111111110001111111111111602
2	00011000000000006
2	000110000000000000001000000000000000000000000000299
2	00011000000000000000000000000000299
2	0001011111111111602
2	000101111111111119
2	0001011111111111000101111111111165
2	00010111111111110000000000000000000000000000000065
2	0001000000000000602
2	0001000000000000224
2	000100000000000019
2	00010000000000000001000000000000642
2	00010000000000000001000000000000612
2	00010000000000000001000000000000266
2	00010000000000000000000000000000000000000000000065
2	00001100000000000110111001011001299
2	0000100000000000602
2	0000100000000000000010000000000065
2	00001000000000000000100000000000642
2	0000011111111111602
2	000001111111111119
2	0000011111111111000001111111111165
2	00000111111111110000000000000000000000000000000065
2	0000011111111110602
2	000001111111111019
2	0000011111111110000001111111111065
2	00000111111111100000000000000000000000000000000065
2	0000011111111100602
2	000001111111110019
2	0000011111111100000001111111110065
2	00000111111111000000000000000000000000000000000065
2	0000011111111000602
2	000001111111100019
2	0000011111111000000001111111100065
2	00000111111110000000000000000000000000000000000065
2	0000011111110000602
2	000001111111000019
2	0000011111110000000001111111000065
2	00000111111100000000000000000000000000000000000065
2	0000011111100000602
2	000001111110000019
2	0000011111100000000001111110000065
2	00000111111000000000000000000000000000000000000065
2	0000011111000000602
2	000001111100000019
2	0000011111000000000001111100000065
2	00000111110000000000000000000000000000000000000065
2	0000011110000000602
2	000001111000000019
2	0000011110000000000001111000000065
2	00000111100000000000000000000000000000000000000065
2	0000011000000000580
2	0000011000000000348
2	00000110000000000110111001000000299
2	00000110000000000110110001000000299
2	00000110000000000000011000000000642
2	00000110000000000000011000000000612
2	000001100000000000000110000000000000000000000000299
2	00000110000000000000000000000000266
2	000001000100000065
2	00000100010000000110111001011001299
2	00000100010000000110111001010001299
2	00000100010000000110111001010000299
2	00000100010000000000010000000000299
2	000001000100000000000000000000000000000000000000299
2	00000100000100000110111001011001338
2	00000100000100000110111001000000299
2	000001000001000000000100000000000110111001011001338
2	00000100000010000110111001011001299
2	00000100000010000110111001010001299
2	00000100000000010110111001010000299
2	0000010000000000526
2	000001000000000019
2	00000100000000000110111001010001266
2	00000100000000000110111001000000266
2	0000010000000000000000000000000065
2	00000100000000000000000000000000000000000000000065
2	0000001000000000474
2	000000100000000019
2	0000001000000000000000000000000065
2	00000010000000000000000000000000000000000000000065
2	0000000000000000100000000000000065
2	00000000000000000110111001010001578
2	00000000000000000110111001010000602
2	00000000000000000110111001010000474
2	00000000000000000110111001000000578
2	00000000000000000110110000000000328
2	0000000000000000011000000000000065
2	00000000000000000010100000000000299
2	00000000000000000001100000000000642
2	00000000000000000001011111111111299
2	00000000000000000001000000000000474
2	0000000000000000000100000000000000000000000000000000000000000000299
2	00000000000000000000011111111111299
2	00000000000000000000011111111110299
2	00000000000000000000011111111100299
2	00000000000000000000011111111000299
2	00000000000000000000011111110000299
2	00000000000000000000011111100000299
2	00000000000000000000011111000000299
2	00000000000000000000011110000000299
2	000000000000000000000110000000000000011000000000299
2	000000000000000000000100000000000000000000000000299
2	00000000000000000000000000000000554
2	000000000000000000000000000000000100000000000000299
2	000000000000000000000000000000000010100000000000299
2	000000000000000000000000000000000001000000000000612
2	00000000000000000000000000000000000001100000000000000000000000000000000000000000299
2	000000000000000000000000000000000000000000000000571
1	539
1	474
1	338
1	224
1	10000000000000000000000000000000602
1	1000000000000000000000000000000000000000000000006
1	0110111001011001526
1	01101110010110010110111001010001642
1	01101110010100010110111001011001642
1	01101110010100010110111001011001602
1	01101110010100010110111001011001580
1	01101110010100010110111001010000642
1	01101110010100000110111001010001642
1	01101110010100000110111001010001602
1	01101110010100000110111001010001580
1	01101110010100000110111001010000612
1	01101110010100000110111001000000642
1	011011100101000000000000000000006
1	01101110010000000110111001010000642
1	01101110010000000110111001010000602
1	01101110010000000110111001010000580
1	01101110010000000110111001010000338
1	01101110010000000110110001000000642
1	01101110000000000110111001010000299
1	011011100000000000000010000000000110111001010000338
1	01101100010000006
1	0110110001000000580
1	0110110001000000338
1	01101100010000000110111001000000642
1	01101100010000000110111001000000602
1	01101100010000000110111001000000580
1	01101100010000000110110001000000359
1	01101100010000000000000000000000642
1	01101100010000000000000000000000338
1	0110110001000000000000000000000019
1	011011000000000065
1	0110110000000000224
1	01101100000000000110111001011001338
1	01101100000000000110111001011001299
1	01101100000000000110111001010000299
1	01101100000000000110110000000000644
1	011011000000000000000100000000000110111001011001338
1	011011000000000000000100000000000110111001010000338
1	0110110000000000000000000000000001101100000000006
1	01101000010000000110111001011001338
1	011010000100000001101110010110010110111001011001338
1	01101000010000000110111001010001338
1	011010000100000001101110010100010110111001010001338
1	01101000010000000110111001010000338
1	011010000100000001101110010100000110111001010000338
1	01101000010000000000010001000000338
1	011010000100000000000100010000000000010001000000338
1	01101000000100000110111001010000338
1	011010000001000001101110010100000110111001010000338
1	01101000000000010110111001010001338
1	011010000000000101101110010100010110111001010001338
1	011010000000000065
1	01101000000000000110111001011001338
1	011010000000000001101110010110010110111001011001338
1	01101000000000000110100000000000644
1	01101000000000000110100000000000642
1	011010000000000001101000000000006
1	011010000000000000101000000000000000000000000000391
1	0110100000000000000000000000000001101000000000006
1	011010000000000000000000000000000010100000000000001010000000000000101000000000000000000000000000391
1	01101000000000000000000000000000001010000000000000101000000000000000000000000000391
1	011010000000000000000000000000000000000000000000000000000000000000000000000000000000000000000000391
1	011000000000000065
1	0100000000000000580
1	0100000000000000348
1	01000000000000000100000000000000602
1	01000000000000000100000000000000580
1	01000000000000000100000000000000391
1	0100000000000000001010000000000000101000000000000000000000000000391
1	010000000000000000001000000000000000000000000000299
1	010000000000000000000000000000006
1	01000000000000000000000000000000580
1	01000000000000000000000000000000391
1	010000000000000000000000000000000000000000000000000000000000000000000000000000000000000000000000391
1	00101000000000006
1	0010100000000000474
1	00101000000000000010100000000000642
1	00101000000000000000100000000000299
1	001010000000000000001000000000000000000000000000299
1	001010000000000000000000000000006
1	001010000000000000000000000000000000000000000000334
1	001000000000000000001000000000000000000000000000299
1	000111111111111100001000000000000000100000000000299
1	00011111111111110000010000000000000111111111111165
1	000111111111111100000100000000000000000000000000299
1	00011111111111110000000000000000602
1	000111111111111100000000000000000000001000000000222
1	0001100000000000578
1	0001100000000000575
1	00011000000000000001011111111111299
1	00011000000000000000100000000000299
1	00011000000000000000000000000000266
1	0001011111111111580
1	0001011111111111348
1	00010111111111110001011111111111642
1	00010111111111110001011111111111612
1	000101111111111100010111111111110000000000000000299
1	00010111111111110000000000000000266
1	000101111111111100000000000000000001111111111111299
1	000101111111111100000000000000000001011111111111299
1	00010000000000010000011111111111299
1	0001000000000000580
1	0001000000000000348
1	00010000000000000001100000000000334
1	000100000000000000010000000000006
1	00010000000000000001000000000000000100000000000065
1	000100000000000000010000000000000001000000000000334
1	000100000000000000010000000000000000000000000000299
1	000100000000000000001000000000000000000000000000299
1	000100000000000000000000000000000001000000000000299
1	00001100000000000110111001011001338
1	000011000000000000000100000000000110111001011001338
1	0000100000000000580
1	0000100000000000474
1	0000100000000000348
1	000010000000000019
1	00001000000000000000100000000000612
1	000010000000000000001000000000000000000000000000299
1	000010000000000000000000000000000000100000000000299
1	00001000000000000000000000000000000000000000000065
1	0000011111111111580
1	0000011111111111348
1	00000111111111110000011111111111642
1	00000111111111110000011111111111612
1	000001111111111100000111111111110000000000000000299
1	00000111111111110000000000000000266
1	000001111111111100000000000000000001011111111111299
1	000001111111111100000000000000000000011111111111299
1	0000011111111110580
1	0000011111111110348
1	00000111111111100000011111111110642
1	00000111111111100000011111111110612
1	000001111111111000000111111111100000000000000000299
1	00000111111111100000000000000000266
1	000001111111111000000000000000000000011111111111299
1	000001111111111000000000000000000000011111111110299
1	0000011111111100580
1	0000011111111100348
1	00000111111111000000011111111100642
1	00000111111111000000011111111100612
1	000001111111110000000111111111000000000000000000299
1	00000111111111000000000000000000266
1	000001111111110000000000000000000000011111111110299
1	000001111111110000000000000000000000011111111100299
1	0000011111111000580
1	0000011111111000348
1	00000111111110000000011111111000642
1	00000111111110000000011111111000612
1	000001111111100000000111111110000000000000000000299
1	00000111111110000000000000000000266
1	000001111111100000000000000000000000011111111100299
1	000001111111100000000000000000000000011111111000299
1	0000011111110000580
1	0000011111110000348
1	00000111111100000000011111110000642
1	00000111111100000000011111110000612
1	000001111111000000000111111100000000000000000000299
1	00000111111100000000000000000000266
1	000001111111000000000000000000000000011111111000299
1	000001111111000000000000000000000000011111110000299
1	0000011111100000580
1	0000011111100000348
1	00000111111000000000011111100000642
1	00000111111000000000011111100000612
1	000001111110000000000111111000000000000000000000299
1	00000111111000000000000000000000266
1	000001111110000000000000000000000000011111110000299
1	000001111110000000000000000000000000011111100000299
1	0000011111000000580
1	0000011111000000348
1	00000111110000000000011111000000642
1	00000111110000000000011111000000612
1	000001111100000000000111110000000000000000000000299
1	00000111110000000000000000000000266
1	000001111100000000000000000000000000011111100000299
1	000001111100000000000000000000000000011111000000299
1	0000011110000000580
1	0000011110000000348
1	00000111100000000000011110000000642
1	00000111100000000000011110000000612
1	000001111000000000000111100000000000000000000000299
1	00000111100000000000000000000000266
1	000001111000000000000000000000000000011111000000299
1	000001111000000000000000000000000000011110000000299
1	0000011000000000526
1	00000110000000000110111001000000338
1	00000110000000000110110001000000338
1	00000110000000000000010000000000299
1	000001100000000000000100000000000110111001000000338
1	000001100000000000000100000000000110110001000000338
1	000001100000000000000000000000000000011110000000299
1	00000100010000006
1	00000100010000000110111001011001338
1	00000100010000000110111001010001338
1	00000100010000000110111001010000338
1	00000100010000000110110001000000602
1	00000100010000000110110001000000580
1	0000010001000000000001000100000065
1	00000100010000000000010001000000338
1	00000100010000000000010001000000266
1	0000010001000000000001000100000019
1	00000100010000000000010000000000338
1	000001000100000000000100000000000110111001011001338
1	000001000100000000000100000000000110111001010001338
1	000001000100000000000100000000000110111001010000338
1	000001000100000000000100000000000000000000000000338
1	00000100000100000110111001000000338
1	000001000001000000000100000000000110111001000000338
1	00000100000010000110111001011001338
1	00000100000010000110111001010001338
1	000001000000100000000100000000000110111001011001338
1	000001000000100000000100000000000110111001010001338
1	00000100000000010110111001010000338
1	000001000000000100000100000000000110111001010000338
1	0000010000000000602
1	0000010000000000474
1	0000010000000000359
1	0000010000000000348
1	00000100000000000110110001000000266
1	0000010000000000000111111111111165
1	00000100000000000001111111111111299
1	000001000000000000011111111111110000000000000000299
1	0000010000000000000001000000000065
1	00000100000000000000010000000000642
1	00000100000000000000010000000000612
1	00000100000000000000010000000000266
1	000001000000000000000100000000000000010000000000299
1	000001000000000000000100000000000000000000000000299
1	0000001000000000602
1	0000001000000000526
1	0000001000000000359
1	0000001000000000348
1	00000010000000000110111001010000266
1	00000010000000000001111111111111299
1	00000010000000000001111111111111266
1	0000001000000000000000100000000065
1	00000010000000000000001000000000612
1	000000100000000000000010000000006
1	00000010000000000000001000000000299
1	00000010000000000000001000000000266
1	000000100000000000000010000000000000000000000000299
1	00000001100000000000011000000000299
1	00000000110000000000011110000000299
1	00000000011000000000011111000000299
1	00000000001100000000011111100000299
1	00000000000110000000011111110000299
1	00000000000011000000011111111000299
1	00000000000001100000011111111100299
1	00000000000000110000011111111110299
1	00000000000000001000000000000000359
1	00000000000000001000000000000000266
1	00000000000000000110111001011001474
1	00000000000000000110110001000000642
1	00000000000000000110110001000000578
1	0000000000000000011011000000000065
1	000000000000000001101100000000000000000000000000602
1	0000000000000000011011000000000000000000000000006
1	00000000000000000110100000000000602
1	000000000000000001101000000000006
1	000000000000000001101000000000000000000000000000602
1	0000000000000000011010000000000000000000000000006
1	00000000000000000100000000000000391
1	0000000000000000000111111111111119
1	000000000000000000011111111111110001111111111111612
1	0000000000000000000110000000000065
1	00000000000000000001100000000000299
1	000000000000000000010111111111110001011111111111299
1	000000000000000000010000000000000001000000000000612
1	000000000000000000010000000000000001000000000000299
1	00000000000000000000100000000000474
1	000000000000000000000111111111110000011111111111299
1	000000000000000000000111111111100000011111111110299
1	000000000000000000000111111111000000011111111100299
1	000000000000000000000111111110000000011111111000299
1	000000000000000000000111111100000000011111110000299
1	000000000000000000000111111000000000011111100000299
1	000000000000000000000111110000000000011111000000299
1	000000000000000000000111100000000000011110000000299
1	00000000000000000000010001000000602
1	00000000000000000000010001000000580
1	0000000000000000000001000000000019
1	000000000000000000000100000000000000010000000000612
1	00000000000000000000001000000000526
1	0000000000000000000000100000000000011111111111110000000000000000109
1	00000000000000000000000000000000532
1	00000000000000000000000000000000348
1	00000000000000000000000000000000342
1	00000000000000000000000000000000011011100101000065
1	0000000000000000000000000000000001101110010100006
1	000000000000000000000000000000000110111001010000474
1	00000000000000000000000000000000011010000000000000000000000000000000000000000000299
1	00000000000000000000000000000000010000000000000000000000000000000000000000000000299
1	00000000000000000000000000000000000101111111111100000000000000000000000000000000299
1	00000000000000000000000000000000000100000000000000000000000000000000000000000000299
1	00000000000000000000000000000000000010000000000000000000000000000000000000000000299
1	00000000000000000000000000000000000001111111111100000000000000000000000000000000299
1	00000000000000000000000000000000000001111111111000000000000000000000000000000000299
1	00000000000000000000000000000000000001111111110000000000000000000000000000000000299
1	00000000000000000000000000000000000001111111100000000000000000000000000000000000299
1	00000000000000000000000000000000000001111111000000000000000000000000000000000000299
1	00000000000000000000000000000000000001111110000000000000000000000000000000000000299
1	00000000000000000000000000000000000001111100000000000000000000000000000000000000299
1	00000000000000000000000000000000000001111000000000000000000000000000000000000000299
1	00000000000000000000000000000000000001000000000065
1	00000000000000000000000000000000000001000000000000000000000000000000000000000000299
1	00000000000000000000000000000000000000100000000065
1	00000000000000000000000000000000000000100000000000000000000000000000000000000000299
1	00000000000000000000000000000000000000000000000074
1	0000000000000000000000000000000000000000000000005
1	000000000000000000000000000000000000000000000000011011100101100165
1	0000000000000000000000000000000000000000000000000000000000000000642
1	0000000000000000000000000000000000000000000000000000000000000000602
1	00000000000000000000000000000000000000000000000000000000000000006
