52782	0000299
27935	000000000000299
14324	00000000612
14260	00006
13112	00000000266
12361	00000000299
11638	0000000065
9747	0000338
9183	000065
4614	000000006
4212	000019
4111	00000000338
4006	0000612
3818	0000000000006
3745	0000526
3105	0000578
2774	299
2292	0000474
2201	00000000642
1769	0000580
1710	00000000602
1633	1111299
1446	00000000578
1206	0000108
1193	00000000580
1088	111100000000299
1072	111000000000299
1044	00000000000065
1039	0000224
1026	00000000526
1019	11100000299
984	0000000019
907	00000000598
643	11100000266
613	1110000065
592	0000575
558	0000359
528	000000000000612
520	111111110000299
513	00000000359
496	1110299
444	111165
415	111119
410	1111612
410	00000000000000000000299
352	0000602
332	11101110612
326	11111111299
318	11100000224
318	000000001110299
314	0000000000000000299
308	00001111299
305	0100299
300	0000348
293	1111111165
289	000000000000555
282	00000000000000000000327
272	11111111612
260	00001110328
244	0010299
242	000000000000327
242	00000000000019
241	1000299
232	00000000222
229	00000000474
223	0001299
218	74
217	000000000000000074
206	11110000000065
204	1111602
202	111100001111299
201	11110000299
180	000000000000474
153	11111111111165
148	0000554
142	01000000299
140	43
133	000000000000326
132	100000000000299
131	010000000000299
128	11111111642
128	0000000000000000612
127	0000571
126	109
122	11100000602
122	00001110299
122	000000000000602
122	0000000000000000109
121	001000000000299
121	000100000000299
119	101000000000299
114	1111580
114	11111111266
114	111001000000328
111	11110000266
109	000000000000000065
108	111111116
107	1110224
106	0000111065
104	1111359
102	1111348
102	000011111111299
102	00000000111100000000299
98	111000100000328
97	0000000068
84	11101110328
83	10101010612
82	639
82	00000000639
77	00100000111165
76	111111111111299
76	000011110000299
76	000000000000338
75	111111111111612
72	00000000000000000000326
66	111100010000328
66	111010000000328
58	10100000334
58	01006
55	00106
55	00016
54	101000000000338
54	000000005
54	000000000000581
53	10006
53	000000000000642
50	526
43	00100000299
36	10000000266
33	01101111299
33	01000000266
33	00010000266
32	11001111299
32	1010000065
29	10000000299
29	0000000000000000474
28	11111111602
28	00100000266
28	00001010612
27	11110000111165
27	10100000338
27	010010000000299
27	00000000555
26	100001000000328
26	100000010000299
26	010001000000328
26	001001000000328
26	001001000000299
26	000101000000328
26	000100100000299
26	00010000299
26	00001000328
26	00000100328
26	00000010328
26	00000001328
25	1111000065
25	10011111299
25	00111111299
25	0000334
24	65
24	11111111580
22	11116
20	0110299
19	01000100642
19	000001006
18	0100359
18	0100224
18	000000000000222
17	11101111299
16	11111111338
16	1111108
16	01000100612
16	00000000556
13	1111338
13	11110000338
13	1111000019
13	11101111338
13	00100010612
13	000000000000359
12	1111111119
12	111065
12	11106
12	011000000000299
12	0100526
11	11111111359
11	01001111266
11	0100000065
11	00001111578
10	1110111000006
10	100100000000299
10	000000000000526
10	0000000000000000266
9	1000526
9	0100612
9	01000000642
9	001065
9	000060
9	000000000000266
8	79
8	1110453
8	111000000000301
8	1010299
8	10100000000065
8	010065
8	0000001065
7	30
7	111011111111338
7	111000006
7	1001299
7	011065
7	0001000165
6	11101110532
6	10001000612
6	0110612
6	0010612
6	0001526
6	00011001338
6	000059
6	00000010299
5	1111526
5	11101110642
5	1100299
5	100065
5	1000000065
5	01100110612
5	00010001299
5	00000100474
5	000000000000575
4	1110612
4	11101110602
4	11101110580
4	11101110338
4	11101110299
4	100165
4	10011001642
4	10011001612
4	1000474
4	0110602
4	011019
4	01101111338
4	01101110299
4	0110011065
4	011001001111338
4	01100000000065
4	01011111299
4	0100602
4	0100453
4	010019
4	01000100532
4	000165
4	0001100165
4	0000642
4	0000010065
4	00000100299
4	00000001299
4	00000000597
3	111111111111338
3	1110580
3	1110526
3	1110474
3	1110338
3	11101110359
3	111010101010101010100000391
3	11100000580
3	11100000338
3	1110000019
3	11001111338
3	110001001111338
3	1001359
3	1001224
3	1001000065
3	1000612
3	011000000110299
3	01001110266
3	01000100266
3	00100010642
3	0001612
3	0000111165
3	000011116
3	00001111474
3	00001110578
3	000010016
3	00001000526
3	00001000299
3	00000110299
3	000000010001602
3	000000010000299
3	000000001111299
3	00000000000165
3	000000000000109
3	00000000000000000000474
2	1110578
2	1110111065
2	11101110644
2	11101110266
2	1110111019
2	111011101110338
2	111011100000602
2	11101100299
2	111001001111338
2	1110000011106
2	110065
2	11000100299
2	110000000000299
2	101065
2	1010526
2	10016
2	100110000000299
2	10010000299
2	1000602
2	1000100065
2	10001000642
2	0110580
2	0110348
2	01101110338
2	01100110642
2	011001100000299
2	011001001110338
2	01100000266
2	01011111338
2	01011110299
2	010101001111338
2	0100348
2	01000000000065
2	0010474
2	001019
2	00101111266
2	0010000065
2	00100000000065
2	0001602
2	0001224
2	000119
2	00010001642
2	00010001612
2	00010001266
2	00010000000065
2	00001111602
2	000011100000602
2	0000111000006
2	00001010299
2	00001001642
2	0000100065
2	0000011065
2	000001100110299
2	000001000000299
2	00000001474
2	0000000100000000299
2	00000000554
2	000000001010299
2	00000000011000000000299
2	000000000100299
2	00000000010000000000299
2	000000000001612
2	000000000000571
1	539
1	474
1	338
1	224
1	11111110642
1	111110001000299
1	11110100111165
1	111101000000299
1	11110000602
1	111100006
1	111100000010222
1	11101111642
1	11101111602
1	11101111580
1	111011106
1	11101100338
1	111011001100338
1	111010100000391
1	111000101111338
1	11100000642
1	111000001010101010100000391
1	11100000101010100000391
1	111000000000000000000000391
1	11006
1	11001110602
1	11001110580
1	1100110065
1	11001100338
1	11001100266
1	1100110019
1	11000100338
1	110001000000338
1	10106
1	1010474
1	10101010642
1	10101000299
1	101010000000299
1	101000006
1	101000000000334
1	1001578
1	1001575
1	10011000299
1	10010110299
1	10010000266
1	1000580
1	1000348
1	100019
1	100010000000299
1	10000000602
1	100000001000299
1	10000000000065
1	1000000000006
1	0110526
1	01100100299
1	011000001111299
1	01011110338
1	010101001110338
1	0100580
1	0100474
1	0100111165
1	01001111299
1	010011110000299
1	0100101010100000391
1	0100010065
1	01000100602
1	01000100580
1	01000100391
1	010001000100299
1	010001000000299
1	010000006
1	01000000580
1	01000000391
1	010000000000000000000000391
1	0010602
1	0010526
1	0010359
1	0010348
1	00101111299
1	001010000000299
1	0010001065
1	001000106
1	00100010299
1	00100010266
1	001000100000299
1	0001580
1	0001348
1	00011001334
1	000110000000299
1	000100016
1	00010001000165
1	000100010001334
1	000100010000299
1	000100000001299
1	0000111119
1	000011111111612
1	00001110642
1	00001110602
1	000011106
1	00001100602
1	00001100580
1	0000100165
1	00001001299
1	00001000474
1	00001000359
1	00001000266
1	00000100391
1	0000010019
1	000001000100612
1	00000010526
1	0000001011110000109
1	000000010001612
1	000000010001299
1	00000000532
1	00000000348
1	00000000342
1	00000000111165
1	0000000011116
1	000000001111474
1	00000000111000000000299
1	00000000100000000000299
1	00000000010065
1	00000000001065
1	00000000001000000000299
1	00000000000100000000299
1	00000000000074
1	0000000000005
1	000000000000111165
1	0000000000000000642
1	0000000000000000602
1	00000000000000006
