52782	00000000299
27935	000000000000000000000000299
14324	0000000000000000612
14260	000000006
13112	0000000000000000266
12361	0000000000000000299
11638	000000000000000065
9747	00000000338
9183	0000000065
4614	00000000000000006
4212	0000000019
4111	0000000000000000338
4006	00000000612
3818	0000000000000000000000006
3745	00000000526
3105	00000000578
2774	299
2292	00000000474
2201	0000000000000000642
1769	00000000580
1710	0000000000000000602
1446	0000000000000000578
1425	11111111299
1206	00000000108
1193	0000000000000000580
1044	00000000000000000000000065
1039	00000000224
1026	0000000000000000526
990	111111110000000000000000299
984	000000000000000019
922	011010000000000000000000299
907	0000000000000000598
898	0110100000000000299
592	00000000575
580	0110100000000000266
560	011010000000000065
558	00000000359
528	000000000000000000000000612
513	0000000000000000359
506	111111111111111100000000299
419	01101000299
410	0000000000000000000000000000000000000000299
407	1111111119
398	11111111612
380	1111111165
352	00000000602
320	1111111111111111299
314	00000000000000000000000000000000299
300	00000000348
300	0000000011111111299
299	0110100001101000612
289	000000000000000000000000555
288	0110100000000000224
288	000000000000000001101000299
282	0000000000000000000000000000000000000000327
273	111111111111111165
267	1111111111111111612
258	0000000001101000328
242	000000000000000000000000327
242	00000000000000000000000019
232	0000000000000000222
229	0000000000000000474
218	74
217	0000000000000000000000000000000074
201	1111111100000000299
198	11111111000000000000000065
196	11111111602
194	111111110000000011111111299
181	00000100299
180	000000000000000000000000474
162	11101111299
153	11111111111111111111111165
148	00000000554
145	00000010299
140	43
134	011011000000000000000000299
133	000000000000000000000000326
128	00000000000000000000000000000000612
127	00000000571
126	109
126	00010000299
125	00001000299
124	01000000299
122	000000000000000000000000602
122	00000000000000000000000000000000109
121	0110110000000000299
121	0000010000000000299
119	001010000000000000000000299
116	10000000299
109	0000000000000000000000000000000065
106	01101000224
105	11111111111111116
105	1111111111111111266
105	000000000110100065
104	11111111359
100	1111111111111111642
99	1111111100000000266
99	00100000299
98	11111111580
98	11111111348
98	000000001111111111111111299
98	0000000000000000111111110000000000000000299
97	00000001299
97	000000000000000068
83	0010100000101000612
82	639
82	0000000000000000639
77	00000010000000001111111165
76	111111111111111111111111299
76	000000001111111100000000299
76	000000000000000000000000338
75	111111111111111111111111612
72	0000000000000000000000000000000000000000326
69	000100000000000000000000299
69	000001000000000000000000299
69	000000100000000000000000299
68	111011110000000000000000299
66	100000000000000000000000299
66	000010000000000000000000299
63	0110110000000000266
62	0110100000000000602
62	010000000000000000000000299
62	0000000001101000299
60	0110110000000000602
60	0000000001101100299
58	0010100000000000334
54	0110100001101000328
54	001010000000000000000000338
54	00000000000000005
54	000000000000000000000000581
53	000000000000000000000000642
52	001000000000000000000000299
52	000000010000000000000000299
50	526
48	1110111165
48	011010000000010000000000328
47	011011000000000065
40	01101100299
37	11101100299
34	011110000001000000000000328
34	011011000000010000000000328
34	011010000010000000000000328
34	011010000000100000000000328
33	0110110001101100612
32	111010001000000000000000328
32	011011000000001000000000328
32	011010100000001000000000328
32	011010010000000100000000328
32	011010000100000000000000328
32	001010000000000065
30	0110110001101100328
30	0110110000000000224
30	010000006
30	000000000000000001101100299
29	0010000000000000299
29	000100006
29	000000106
29	00000000000000000000000000000000474
28	000001006
28	0000000000101000612
27	11111111000000001111111165
27	0010100000000000338
27	000010006
27	0000000000000000555
26	100000006
26	001000006
26	000000016
25	00000000334
24	65
21	1110111111101111602
21	111011110000000065
21	0100000000000000299
20	1110111111101111642
20	0001000000000000266
20	00000110299
19	1110111111101111580
19	00000000010000006
18	111011116
18	1000000000000000266
18	01000000224
18	0100000001000000642
18	0000100000000000266
18	000000000000000000000000222
17	01000000359
17	0100000000000000266
16	11101111108
16	111011000000000000000000299
16	0000010000000000266
16	0000000000000000556
15	1000000000000000299
15	0100000001000000612
15	0000001000000000266
14	11101101299
14	0000100000000000299
14	0000001000000000299
13	100000000000010000000000328
13	100000000000000100000000299
13	010000001000000000000000299
13	010000000000010000000000328
13	001000000100000000000000299
13	001000000000010000000000328
13	0010000000000000266
13	000100000010000000000000299
13	000100000000010000000000328
13	0001000000000000299
13	0000110011111111299
13	000010000001000000000000299
13	000010000000010000000000328
13	000001000000100000000000299
13	000001000000010000000000328
13	000000100000010000000000328
13	000000100000010000000000299
13	000000010000010000000000328
13	000000010000001000000000299
13	0000000100000000299
13	0000000100000000266
13	0000000010000000328
13	0000000001000000328
13	0000000000100000328
13	0000000000010000328
13	0000000000001000328
13	0000000000000100328
13	0000000000000010328
13	0000000000000001328
13	000000000000000000000000359
12	1100000011111111299
12	1000000111111111299
12	0110000011111111299
12	0011000011111111299
12	0010000000100000612
12	0001100011111111299
12	0000011011111111299
12	000001100000000000000000299
12	0000001111111111299
11	11101111580
11	11101111338
11	111011111110111165
11	1110111111101111338
11	1110111100000000338
11	111011110000000019
10	111011111110111119
10	1110110065
10	01000000526
10	000110000000000000000000299
10	000000000000000000000000526
10	00000000000000000000000000000000266
9	1110111111101111359
9	111011111110111100000000299
9	010000000000000065
9	0100000000000000642
9	0000010011101111266
9	0000000060
9	0000000011101111578
9	000000000000000000000000266
8	79
8	11110111299
8	1110111111101111266
8	1110111100000000266
8	11100111299
8	11000111299
8	10000111299
8	0110101011101111299
8	01101000453
8	00101000299
8	00101000000000000000000065
8	000000000010000065
7	30
7	011010006
7	0110100001101000000000006
7	01101000000000006
7	00011000299
7	000100000001000065
6	111101110000000000000000299
6	111011010000000000000000299
6	111011000000000065
6	1110100011101111299
6	111001110000000000000000299
6	110001110000000000000000299
6	100001110000000000000000299
6	1000010011101111299
6	0110100001101000532
6	00010000526
6	0001000000011000338
6	00001000526
6	0000011065
6	00000110612
6	0000011011101111299
6	00000100612
6	00000010612
6	0000000059
6	0000000000000010299
5	111011006
5	10000100299
5	1000000010000000612
5	100000000000000065
5	0001000000010000299
5	0000010065
5	0000001065
5	0000000001000000474
5	000000000000000000000000575
4	1111111111111111602
4	11101111526
4	1110110165
4	1110110011101100642
4	1110110011101100602
4	1110110011101100580
4	011011000000000000000000301
4	0110101011101111338
4	011010101110111111101111338
4	01101000612
4	0110100011101100299
4	011010000000000000000000301
4	01000000453
4	0100000001000000532
4	0010010011101100299
4	0010000065
4	0001100065
4	0001100000011000642
4	0001100000011000612
4	0001000065
4	000100000001100065
4	00000110602
4	0000011019
4	000001100000011065
4	00000110000000000000000065
4	00000000642
4	000000000100000065
4	0000000000010000299
4	0000000000000100299
4	0000000000000000597
3	1111011165
3	11110111612
3	11101111111011116
3	11101100580
3	11101100338
3	1110110011101100359
3	1110110000000000338
3	111011000000000019
3	1110100011101111338
3	111010001110111111101111338
3	1110011165
3	11100111612
3	1100011165
3	11000111612
3	1000011165
3	10000111612
3	1000010011101111338
3	100001000000010011101111338
3	10000000526
3	10000000474
3	0110110001101100000000006
3	01101000526
3	01101000474
3	011010000010100000101000001010000010100000000000391
3	0110100000000000580
3	0110000001100000612
3	0100000065
3	01000000612
3	01000000602
3	00011000359
3	00011000224
3	000110000000000065
3	00010000612
3	0000100065
3	00001000612
3	0000011011101111338
3	000001100000010011101111338
3	000001100000000000000110299
3	0000010011101100266
3	0000001000000010642
3	000000001110111165
3	00000000111011116
3	0000000011101100578
3	0000000010000000526
3	00000000000110006
3	000000000001000000010000602
3	000000000001000000000000299
3	0000000000001000299
3	0000000000000110299
3	000000000000000011101111299
3	00000000000000000001000065
3	000000000000000000000000109
3	0000000000000000000000000000000000000000474
2	111111116
2	1111111111111111580
2	111111110000000065
2	11110111602
2	1111011119
2	111101111111011165
2	11110111000000000000000065
2	111011016
2	111011010000000065
2	111011001110110065
2	1110110011101100338
2	1110110011101100266
2	111011001110110019
2	1110100010000100299
2	11100111602
2	1110011119
2	111001111110011165
2	11100111000000000000000065
2	11000111602
2	1100011119
2	110001111100011165
2	11000111000000000000000065
2	10000111602
2	1000011119
2	100001111000011165
2	10000111000000000000000065
2	1000010065
2	1000010000000100299
2	100001000000000000000000299
2	1000000065
2	0111100011111111299
2	0110111011101111338
2	0110110011101111338
2	0110100111101111299
2	0110100111101101299
2	01101000578
2	0110100011101100338
2	011010001110110011101100338
2	011010000110100000000000602
2	0100000019
2	0100000001000000266
2	0010100065
2	00101000526
2	0010010011101100338
2	001001000000010011101100338
2	000110006
2	000110000000100000000000299
2	0001100000000000299
2	0001010011101111299
2	00010000602
2	00010000224
2	0001000019
2	0001000000010000642
2	0001000000010000612
2	0001000000010000266
2	00010000000000000000000065
2	00001000602
2	000010000000100065
2	0000100000001000642
2	00000110580
2	00000110348
2	0000011011101101299
2	0000011000000110642
2	0000011000000110612
2	000001100000011000000000299
2	0000011000000000266
2	0000010111101111299
2	0000010111101100299
2	00000100526
2	0000010019
2	000001000000000065
2	00000100000000000000000065
2	00000010474
2	0000001019
2	000000100000000065
2	00000010000000000000000065
2	0000000011110111299
2	0000000011101111602
2	0000000011101111474
2	0000000011100111299
2	0000000011000111299
2	0000000010000111299
2	000000001000000065
2	0000000001101100328
2	000000000110000065
2	0000000000101000299
2	0000000000011000642
2	0000000000010000474
2	00000000000100000000000000000000299
2	000000000000011000000110299
2	000000000000010000000000299
2	0000000000000000554
2	000000000000000001000000299
2	000000000000000000101000299
2	000000000000000000010000612
2	0000000000000000000001100000000000000000299
2	000000000000000000000000571
1	539
1	474
1	338
1	224
1	11111111526
1	11111111338
1	1111111111111111359
1	1111111111111111338
1	111111111111111119
1	1111111111101111642
1	111111111110111100000000299
1	111111110000100000001000299
1	11111111000001001111111165
1	111111110000010000000000299
1	1111111100000000602
1	1111111100000000338
1	111111110000000019
1	111111110000000000000010222
1	11110111580
1	11110111348
1	1111011111110111642
1	1111011111110111612
1	111101111111011100000000299
1	1111011100000000266
1	111101110000000011111111299
1	111101110000000011110111299
1	1110111111111111642
1	1110111111111111602
1	1110111111111111580
1	1110111111101111612
1	1110111111101101642
1	11101111000000006
1	11101101580
1	11101101338
1	1110110111101111642
1	1110110111101111602
1	1110110111101111580
1	111011011110110165
1	1110110111101101602
1	1110110111101101580
1	1110110111101101359
1	1110110111101101338
1	1110110111101101266
1	111011011110110119
1	1110110111101100642
1	1110110100000000338
1	111011010000000019
1	1110110011101111338
1	1110110011101101642
1	1110110011101101602
1	1110110011101101580
1	1110110000000000642
1	1110100010000100338
1	111010001000010010000100338
1	11100111580
1	11100111348
1	1110011111100111642
1	1110011111100111612
1	111001111110011100000000299
1	1110011100000000266
1	111001110000000011110111299
1	111001110000000011100111299
1	11000111580
1	11000111348
1	1100011111000111642
1	1100011111000111612
1	110001111100011100000000299
1	1100011100000000266
1	110001110000000011100111299
1	110001110000000011000111299
1	1100000010000111299
1	10000111580
1	10000111348
1	1000011110000111642
1	1000011110000111612
1	100001111000011100000000299
1	1000011100000000266
1	100001110000000011000111299
1	100001110000000010000111299
1	100001006
1	1000010011101100602
1	1000010011101100580
1	100001001000010065
1	1000010010000100338
1	1000010010000100266
1	100001001000010019
1	1000010000000100338
1	100001000000010000000000338
1	1000000100000110299
1	1000000000000000602
1	1000000000000000000000006
1	0111100011111111338
1	011110001111111111111111338
1	0110111011101111299
1	011011100000001011101111338
1	0110110065
1	01101100224
1	0110110011111111338
1	0110110011111111299
1	0110110011101111299
1	0110110001101100644
1	011011000000010011111111338
1	011011000000010011101111338
1	0110110000000000011011006
1	0110100111101111338
1	011010011110111111101111338
1	0110100111101101338
1	011010011110110111101101338
1	0110100065
1	0110100001101000644
1	0110100001101000642
1	01101000011010006
1	011010000010100000000000391
1	0110100000000000011010006
1	011010000000000000101000001010000010100000000000391
1	0110100000000000001010000010100000000000391
1	011010000000000000000000000000000000000000000000391
1	0110000065
1	0110000011000111299
1	01000000580
1	01000000348
1	0100000001000000602
1	0100000001000000580
1	0100000001000000391
1	01000000001010000010100000000000391
1	010000000000100000000000299
1	01000000000000006
1	0100000000000000580
1	0100000000000000391
1	010000000000000000000000000000000000000000000000391
1	0011000011100111299
1	001010006
1	00101000474
1	0010100000101000642
1	0010100000001000299
1	001010000000100000000000299
1	00101000000000006
1	001010000000000000000000334
1	001000000000100000000000299
1	00011000578
1	00011000575
1	0001100011110111299
1	0001100000001000299
1	0001100000000000266
1	0001010011101111338
1	000101000000010011101111338
1	00010000580
1	00010000348
1	0001000000011000334
1	00010000000100006
1	00010000000100000001000065
1	000100000001000000010000334
1	000100000001000000000000299
1	000100000000100000000000299
1	000100000000000000010000299
1	00001000580
1	00001000474
1	00001000348
1	0000100019
1	0000100000001000612
1	000010000000100000000000299
1	000010000000000000001000299
1	00001000000000000000000065
1	00000110526
1	0000011011101101338
1	0000011000000100299
1	000001100000010011101101338
1	000001100000000010000111299
1	0000010111101111338
1	0000010111101100338
1	000001010000010011101111338
1	000001010000010011101100338
1	00000100602
1	00000100474
1	00000100359
1	00000100348
1	000001001111111165
1	0000010011111111299
1	0000010011111111266
1	000001001111111100000000299
1	0000010011101101266
1	000001000000010065
1	0000010000000100642
1	0000010000000100612
1	0000010000000100266
1	000001000000010000000100299
1	000001000000010000000000299
1	00000010602
1	00000010526
1	00000010359
1	00000010348
1	0000001011111111299
1	0000001011111111266
1	0000001011101111266
1	000000100000001065
1	0000001000000010612
1	00000010000000106
1	0000001000000010299
1	0000001000000010266
1	000000100000001000000000299
1	0000000011111111578
1	0000000011111111474
1	000000001111111119
1	000000001111111111111111612
1	000000001111011111110111299
1	0000000011101101578
1	0000000011101100642
1	000000001110011111100111299
1	000000001100011111000111299
1	000000001000011110000111299
1	0000000010000100602
1	0000000010000100580
1	0000000010000000359
1	0000000010000000266
1	000000000110110065
1	000000000110110000000000602
1	0000000001101100000000006
1	0000000001101000602
1	00000000011010006
1	000000000110100000000000602
1	0000000001101000000000006
1	0000000001000000391
1	000000000001100065
1	0000000000011000299
1	000000000001000000010000612
1	000000000001000000010000299
1	0000000000001000474
1	000000000000010019
1	000000000000010000000100612
1	0000000000000010526
1	00000000000000101111111100000000109
1	0000000000000000532
1	0000000000000000348
1	0000000000000000342
1	0000000000000000111101110000000000000000299
1	00000000000000001110111165
1	0000000000000000111011116
1	000000000000000011101111474
1	0000000000000000111001110000000000000000299
1	0000000000000000110001110000000000000000299
1	0000000000000000100001110000000000000000299
1	0000000000000000011010000000000000000000299
1	0000000000000000010000000000000000000000299
1	0000000000000000000100000000000000000000299
1	0000000000000000000010000000000000000000299
1	00000000000000000000010065
1	0000000000000000000001000000000000000000299
1	00000000000000000000001065
1	0000000000000000000000100000000000000000299
1	00000000000000000000000074
1	0000000000000000000000005
1	0000000000000000000000001111111165
1	00000000000000000000000000000000642
1	00000000000000000000000000000000602
1	000000000000000000000000000000006
