52782	00000000299
27935	000000000000000000000000299
14324	0000000000000000612
14260	000000006
13112	0000000000000000266
12361	0000000000000000299
11638	000000000000000065
9747	00000000338
9183	0000000065
4614	00000000000000006
4212	0000000019
4111	0000000000000000338
4006	00000000612
3818	0000000000000000000000006
3745	00000000526
3105	00000000578
2774	299
2292	00000000474
2201	0000000000000000642
1769	00000000580
1710	0000000000000000602
1446	0000000000000000578
1431	00011111299
1206	00000000108
1193	0000000000000000580
1056	011010000000000000000000299
1044	00000000000000000000000065
1039	00000000224
1026	0000000000000000526
1019	0110100000000000299
997	000111110000000000000000299
984	000000000000000019
907	0000000000000000598
643	0110100000000000266
607	011010000000000065
592	00000000575
558	00000000359
528	000000000000000000000000612
513	0000000000000000359
509	000111110001111100000000299
459	01101000299
413	0001111119
410	0000000000000000000000000000000000000000299
407	00011111612
381	0001111165
352	00000000602
332	0110100001101000612
320	0001111100011111299
318	0110100000000000224
318	000000000000000001101000299
314	00000000000000000000000000000000299
306	0000000000011111299
300	00000000348
289	000000000000000000000000555
282	0000000000000000000000000000000000000000327
281	00000100299
278	000111110001111165
270	0001111100011111612
260	0000000001101000328
242	000000000000000000000000327
242	00000000000000000000000019
232	0000000000000000222
229	0000000000000000474
218	74
217	0000000000000000000000000000000074
204	00011111000000000000000065
202	00011111602
201	0001111100000000299
200	000111110000000000011111299
186	00010000299
184	00001000299
180	000000000000000000000000474
159	00000001299
157	00000010299
153	00011111000111110001111165
148	00000000554
140	43
133	000000000000000000000000326
129	0000010000000000299
128	00000000000000000000000000000000612
127	00000000571
126	109
122	0110100000000000602
122	0000000001101000299
122	000000000000000000000000602
122	00000000000000000000000000000000109
119	001010000000000000000000299
114	000001000000000000000000299
109	0000000000000000000000000000000065
107	01101000224
106	01111101299
106	000000000110100065
105	00011111000111116
104	00011111359
104	0001111100011111266
103	0001111100011111642
102	0001111100000000266
101	00011111580
101	00011111348
101	000100000000000000000000299
101	000000000001111100011111299
101	0000000000000000000111110000000000000000299
98	000010000000000000000000299
97	000000000000000068
84	0110100001101000328
84	000000100000000000000000299
84	000000010000000000000000299
83	0010100000101000612
82	639
82	0000000000000000639
80	011010000000010000000000328
77	00000100000000000001111165
76	000111110001111100011111299
76	000000000001111100000000299
76	000000000000000000000000338
75	000111110001111100011111612
74	01111111299
72	0000000000000000000000000000000000000000326
58	0010100000000000334
54	011110000001000000000000328
54	011010010000000100000000328
54	011010000000100000000000328
54	001010000000000000000000338
54	00000000000000005
54	000000000000000000000000581
53	000000000000000000000000642
52	011010100000001000000000328
51	01111100299
50	526
50	011011000000010000000000328
48	011111010000000000000000299
45	000100006
45	000001006
43	000010006
42	000000106
42	000000016
32	0111110165
32	001010000000000065
31	011111110000000000000000299
29	00000000000000000000000000000000474
28	0001000000000000266
28	0000000000101000612
27	01000000299
27	0010100000000000338
27	00011111000000000001111165
27	0000000000000000555
26	0000100000000000266
25	0000010000000000266
25	00000000334
24	65
24	0111111165
22	011111000000000000000000299
22	0000100000000000299
21	000100000000010000000000328
21	000100000000000100000000299
21	0001000000000000299
21	000010000001000000000000299
21	000010000000010000000000328
21	000000100000010000000000328
21	000000100000010000000000299
21	0000001000000000299
21	0000001000000000266
21	000000010000010000000000328
21	000000010000001000000000299
21	0000000100000000299
21	0000000100000000266
21	0000000000010000328
21	0000000000001000328
21	0000000000000010328
21	0000000000000001328
20	0001100000011111299
20	0001000100011111299
20	0000110000011111299
20	00000110299
20	0000011000011111299
20	000001000000100000000000299
20	000001000000010000000000328
20	0000001100011111299
20	0000000000000100328
19	10000000299
19	00000000010000006
18	01000000224
18	0100000001000000642
18	000000000000000000000000222
17	01000000359
16	01111101108
16	0010000000000000299
16	0000000000000000556
15	0100000001000000612
14	100000000000000000000000299
14	0111110065
13	0111110101111101602
13	011111010000000065
13	000000000000000000000000359
12	0111110101111101642
12	0010000000100000612
12	000001100000000000000000299
12	00000100612
11	0111110101111101580
10	011111116
10	0111111101111111602
10	0111111101111111580
10	011111110000000065
10	011111016
10	0110100001101000000000006
10	01000000526
10	010000000000000000000000299
10	000110000000000000000000299
10	0000010065
10	0000000000000100299
10	000000000000000000000000526
10	00000000000000000000000000000000266
9	010000000000000065
9	0100000000000000642
9	0000000060
9	000000000000000000000000266
8	79
8	0111111101111111642
8	0111110100000000266
8	011111000000000065
8	01101000453
8	011010000000000000000000301
8	0100000000000000299
8	00101000299
8	00101000000000000000000065
8	00010111299
8	000000000010000065
7	30
7	01111101580
7	01111101338
7	011111010111110165
7	0111110101111101338
7	0111110100000000338
7	011111010000000019
7	011111006
7	011010006
7	01101000000000006
7	00011000299
7	000100000001000065
6	011111010111110119
6	0111110001111100642
6	0111110001111100602
6	0111110001111100580
6	0111100001111100299
6	0110100001101000532
6	000101110000000000000000299
6	0001010001111100299
6	00010000526
6	0001000000011000338
6	00001000526
6	0000011065
6	00000110612
6	0000010001111101266
6	0000000059
5	1000000010000000612
5	100000000000000065
5	1000000000000000266
5	01111111338
5	011111110111111165
5	0111111101111111359
5	0111111101111111338
5	0111111101111111266
5	011111110111111119
5	011111110111110100000000299
5	0111111100000000338
5	011111110000000019
5	0111110101111101359
5	011111010111110100000000299
5	00010100299
5	0001000000010000299
5	0000010001111111266
5	0000000001111111578
5	0000000001111101578
5	0000000001000000474
5	000000000000000000000000575
4	01111111580
4	01111101526
4	0111110101111101266
4	01111100580
4	01111100338
4	0111110001111100359
4	0111110000000000338
4	011111000000000019
4	0110110001111101338
4	0110101001111111299
4	0110100101111101299
4	01101000612
4	0110100001111101299
4	010000006
4	01000000453
4	0100000001000000532
4	0100000000000000266
4	0010000065
4	0001100065
4	0001100000011000642
4	0001100000011000612
4	0001000065
4	000100000001100065
4	0000110001111101299
4	00000110602
4	0000011019
4	000001100000011065
4	00000110000000000000000065
4	0000010019
4	0000010001111100266
4	0000010000000100642
4	000001000000000065
4	00000100000000000000000065
4	00000000642
4	0000000001111100578
4	000000000100000065
4	0000000000010000299
4	0000000000000000597
3	10000000526
3	10000000474
3	01111101011111016
3	011111000111110065
3	0111110001111100338
3	0111110001111100266
3	011111000111110019
3	0111100001111100338
3	011110000111110001111100338
3	01101000526
3	01101000474
3	011010000010100000101000001010000010100000000000391
3	0110100000000000580
3	0110000001100000612
3	0100000065
3	01000000612
3	01000000602
3	00011000359
3	00011000224
3	000110000000000065
3	0001011165
3	00010111612
3	0001010001111100338
3	000101000000010001111100338
3	00010000612
3	0000100065
3	00001000612
3	000001100000000000000110299
3	00000100526
3	00000100474
3	0000000010000000526
3	000000000111110165
3	00000000011111016
3	00000000000110006
3	000000000001000000010000602
3	000000000001000000000000299
3	0000000000001000299
3	0000000000000110299
3	000000000000000001111101299
3	00000000000000000001000065
3	000000000000000000000000109
3	0000000000000000000000000000000000000000474
2	1000000065
2	1000000000000000299
2	0111100001111111299
2	0111100000010100299
2	0110110001111101299
2	011011000000010001111101338
2	0110101001111111338
2	011010100111111101111111338
2	0110100101111111299
2	0110100101111101338
2	011010010111110101111101338
2	0110100065
2	01101000578
2	0110100001111111299
2	0110100001111101338
2	011010000111110101111101338
2	0110100001101000644
2	011010000110100000000000602
2	0110100000000000011010006
2	0100000019
2	0100000001000000266
2	0010100065
2	00101000526
2	0001111100011111602
2	000110006
2	000110000000100000000000299
2	0001100000000000299
2	00010111602
2	0001011119
2	000101110001011165
2	00010111000000000000000065
2	0001010065
2	0001010001111111299
2	0001010000000100299
2	000101000000000000000000299
2	00010000602
2	00010000224
2	0001000019
2	0001000000010000642
2	0001000000010000612
2	0001000000010000266
2	00010000000000000000000065
2	0000110001111111299
2	0000110001111101338
2	000011000000010001111101338
2	00001000602
2	000010000000100065
2	0000100000001000642
2	00000110580
2	00000110348
2	0000011001111111299
2	0000011001111101299
2	0000011000000110642
2	0000011000000110612
2	000001100000011000000000299
2	0000011000000000266
2	0000010101111111299
2	0000010101111101299
2	0000010101111100299
2	00000100602
2	00000100359
2	00000100348
2	000001000000010065
2	0000010000000100612
2	0000010000000100266
2	000001000000010000000000299
2	000000001000000065
2	0000000001111101602
2	0000000001111101474
2	000000000110100000000000602
2	0000000001101000000000006
2	000000000110000065
2	0000000000101000299
2	0000000000011000642
2	0000000000010111299
2	0000000000010000474
2	00000000000100000000000000000000299
2	000000000000011000000110299
2	000000000000010000000000299
2	0000000000000000554
2	000000000000000001000000299
2	000000000000000000101000299
2	000000000000000000010000612
2	0000000000000000000001100000000000000000299
2	00000000000000000000010065
2	0000000000000000000001000000000000000000299
2	000000000000000000000000571
1	539
1	474
1	338
1	224
1	1000000000000000602
1	1000000000000000000000006
1	01111111526
1	0111111101111101642
1	0111110101111111642
1	0111110101111111602
1	0111110101111111580
1	0111110101111101612
1	0111110101111100642
1	01111101000000006
1	0111110001111101642
1	0111110001111101602
1	0111110001111101580
1	0111110001111101338
1	0111110000000000642
1	0111100001111111338
1	011110000111111101111111338
1	0111100000010100338
1	011110000001010000010100338
1	0110110001111111338
1	0110110001111111299
1	011011000000010001111111338
1	0110100101111111338
1	011010010111111101111111338
1	0110100001111111338
1	011010000111111101111111338
1	0110100001101000642
1	01101000011010006
1	011010000010100000000000391
1	011010000000000000101000001010000010100000000000391
1	0110100000000000001010000010100000000000391
1	011010000000000000000000000000000000000000000000391
1	0110000065
1	01000000580
1	01000000348
1	0100000001000000602
1	0100000001000000580
1	0100000001000000391
1	01000000001010000010100000000000391
1	010000000000100000000000299
1	01000000000000006
1	0100000000000000580
1	0100000000000000391
1	010000000000000000000000000000000000000000000000391
1	001010006
1	00101000474
1	0010100000101000642
1	0010100000001000299
1	001010000000100000000000299
1	00101000000000006
1	001010000000000000000000334
1	001000000000100000000000299
1	000111110000100000001000299
1	00011111000001000001111165
1	000111110000010000000000299
1	0001111100000000602
1	000111110000000000000100222
1	00011000578
1	00011000575
1	0001100000010111299
1	0001100000001000299
1	0001100000000000266
1	00010111580
1	00010111348
1	0001011100010111642
1	0001011100010111612
1	000101110001011100000000299
1	0001011100000000266
1	000101110000000000011111299
1	000101110000000000010111299
1	000101006
1	0001010001111111338
1	0001010001111100602
1	0001010001111100580
1	000101000001010065
1	0001010000010100338
1	0001010000010100266
1	000101000001010019
1	0001010000000100338
1	000101000000010001111111338
1	000101000000010000000000338
1	0001000100000110299
1	00010000580
1	00010000348
1	0001000000011000334
1	00010000000100006
1	00010000000100000001000065
1	000100000001000000010000334
1	000100000001000000000000299
1	000100000000100000000000299
1	000100000000000000010000299
1	0000110001111111338
1	000011000000010001111111338
1	00001000580
1	00001000474
1	00001000348
1	0000100019
1	0000100000011111299
1	0000100000001000612
1	000010000000100000000000299
1	000010000000000000001000299
1	00001000000000000000000065
1	00000110526
1	0000011001111111338
1	0000011001111101338
1	0000011000000100299
1	000001100000010001111111338
1	000001100000010001111101338
1	000001100000000000010111299
1	0000010101111111338
1	0000010101111101338
1	0000010101111100338
1	000001010000010001111111338
1	000001010000010001111101338
1	000001010000010001111100338
1	000001000001111165
1	0000010000011111299
1	0000010000011111266
1	000001000001111100000000299
1	00000100000001006
1	0000010000000100299
1	000001000000010000000100299
1	0000000010000000359
1	0000000010000000266
1	0000000001111111474
1	0000000001111100642
1	0000000001101000602
1	00000000011010006
1	0000000001000000391
1	000000000001111119
1	000000000001111100011111612
1	000000000001100065
1	0000000000011000299
1	000000000001011100010111299
1	0000000000010100602
1	0000000000010100580
1	000000000001000000010000612
1	000000000001000000010000299
1	0000000000001000474
1	0000000000000100526
1	000000000000010019
1	00000000000001000001111100000000109
1	000000000000010000000100612
1	0000000000000000532
1	0000000000000000348
1	0000000000000000342
1	00000000000000000111110165
1	0000000000000000011111016
1	000000000000000001111101474
1	0000000000000000011010000000000000000000299
1	0000000000000000010000000000000000000000299
1	0000000000000000000101110000000000000000299
1	0000000000000000000100000000000000000000299
1	0000000000000000000010000000000000000000299
1	00000000000000000000000074
1	0000000000000000000000005
1	0000000000000000000000000111111165
1	00000000000000000000000000000000642
1	00000000000000000000000000000000602
1	000000000000000000000000000000006
