34737	0000299
20473	000000000000299
12705	00006
11568	00000000612
10106	00000000266
9404	0000338
9224	00000000299
8787	0000000065
7438	000065
3822	000019
3787	0000000000006
3775	00000000338
3696	0000612
3630	000000006
2904	0000578
2755	0000526
1598	0000474
1502	00000000642
1297	001100000000299
1207	00110011612
1108	00110000338
1108	001100000000556
991	0000580
913	299
907	00000000598
743	00000000526
721	00000000580
616	00100010299
605	00000000000065
583	0000575
441	0000000019
397	00000000359
376	0010299
364	000000000000612
347	0000359
323	00100010612
323	00000000602
311	001000000000299
289	000000000000555
285	0011299
285	0000602
279	0010612
274	0000348
260	00000000000000000000327
258	001165
244	000000000000327
232	00000000222
226	00000000000019
221	00100000299
198	00000000000000000000299
191	0000000000000000299
168	000000000000474
154	0000224
142	43
136	0000554
133	000000000000326
128	001000100000299
126	0000001065
119	109
118	0000000000000000612
116	0010001065
114	00000000474
113	000000000000602
113	0000000000000000109
110	00106
100	001000100010299
98	00100010334
97	0000000068
89	000000000010299
88	00100010001065
85	0011602
84	00116
84	00000000001100000000299
83	0011338
83	00110011338
83	001100100000299
79	639
77	001065
75	00000000639
72	00000000000000000000326
66	000000000000338
60	00000000578
54	000000005
54	000000000000581
51	0001299
44	000000000000642
42	526
39	000000100000299
38	00000000556
37	0010526
37	00000010299
34	000100000000299
33	0010474
28	0100299
28	001019
28	00100010642
27	00100000266
27	00000000555
26	0000000000000000474
24	0000334
21	0000571
20	0100224
19	1000299
19	01000100642
19	000001006
18	0100359
18	000000000000222
15	0000108
14	74
14	100000000000299
14	001000106
13	0010000065
13	001000006
13	0001526
13	00010000266
13	00000010602
13	000000000000359
13	0000000000000000266
12	00000000001000000000299
10	010000000000299
10	00000010526
10	000000000000526
9	65
9	01000000642
9	0011000165
9	0010359
9	00100010602
9	000060
9	000000106
9	00000010474
8	79
8	0100526
8	0100000065
8	00000011299
7	01000100612
7	00110011642
7	0010602
7	000000000000266
6	00110001338
6	00110001299
6	0011000065
6	001100006
6	0010338
6	00100000602
6	0000642
6	000059
6	0000001165
6	00000011602
6	00000010266
5	10001000612
5	1000000065
5	10000000266
5	01006
5	00016
5	000000000000575
5	000000000000000074
4	0100612
4	01000000266
4	0011612
4	0011474
4	001119
4	00110011602
4	0010580
4	00100010000065
4	001000100000000074
4	00100001299
4	001000010000299
4	00100000338
4	000165
4	0001001165
4	000000116
4	000000100010612
4	00000010000065
4	00000000597
4	000000000000000065
3	30
3	1000526
3	1000474
3	0100602
3	0100453
3	0011359
3	0011224
3	001100010000299
3	00100010359
3	00100010266
3	0010001019
3	001000100010602
3	00100000001065
3	00100000000065
3	00010001612
3	000100010000299
3	00010000299
3	00001000526
3	00000100474
3	00000001474
3	000000010001602
3	00000000001165
3	000000000000109
3	00000000000000000000474
2	100065
2	10000000299
2	0110526
2	0110453
2	01100110612
2	010019
2	01000100532
2	01000100391
2	01000100266
2	01000000299
2	0011580
2	0011526
2	0011348
2	00110010000065
2	00110000266
2	00110000000065
2	0010348
2	00100010338
2	001000010011299
2	00100000639
2	00100000359
2	0010000019
2	0001612
2	0001602
2	0001474
2	0001224
2	00010001642
2	00010001266
2	000100000011299
2	0000100065
2	00000110474
2	00000011642
2	00000011526
2	00000010639
2	00000010612
2	000000100010642
2	000000100010334
2	000000100000602
2	000000100000000074
2	0000001000000000299
2	0000000100000000299
2	00000000554
2	000000000100299
2	000000000011612
2	0000000000100010299
2	0000000000100000299
2	00000000000100000000299
2	00000000000074
2	000000000000571
1	539
1	474
1	224
1	10000000602
1	1000000000006
1	01100110532
1	01100010580
1	011000000000000000000000391
1	010065
1	0100580
1	0100348
1	01000100602
1	01000100580
1	01000100359
1	01000010391
1	010000010000299
1	010000006
1	0011578
1	0011575
1	0011001165
1	00110001334
1	00110001000165
1	001100010001334
1	00110000602
1	0010554
1	0010224
1	001000110000109
1	0010001000006
1	0010000000106
1	001000000010222
1	001000000000109
1	001000000000000074
1	000100016
1	00010001299
1	00001000359
1	00001000266
1	0000010065
1	00000100391
1	00000011001165
1	000000110011602
1	00000010578
1	000000100010555
1	000000100010299
1	0000001000100000109
1	00000001299
1	000000010001612
1	00000000581
1	00000000532
1	00000000348
1	00000000342
1	00000000333
1	00000000010000000000299
1	0000000000110011602
1	000000000010474
1	000000000010001065
1	0000000000100010612
1	0000000000005
1	0000000000000000642
1	0000000000000000602
1	00000000000000006
1	0000000000000000000000000000474
