52782	0000299
27935	000000000000299
14324	00000000612
14260	00006
13112	00000000266
12361	00000000299
11638	0000000065
9747	0000338
9183	000065
4614	000000006
4212	000019
4111	00000000338
4006	0000612
3818	0000000000006
3745	0000526
3105	0000578
2774	299
2438	0001299
2292	0000474
2201	00000000642
1769	0000580
1710	00000000602
1508	000100000000299
1446	00000000578
1206	0000108
1193	00000000580
1157	011100000000299
1044	00000000000065
1039	0000224
1026	00000000526
1019	01110000299
984	0000000019
907	00000000598
690	0111299
651	01110000266
638	0111000065
625	000100010000299
592	0000575
558	0000359
528	000000000000612
513	00000000359
434	0001612
434	00010001299
426	000119
417	00010000299
413	000165
410	00000000000000000000299
352	0000602
344	011100010000328
333	01110111612
329	00000001299
321	000000000111299
318	01110000224
314	0000000000000000299
301	0001000165
300	0000348
289	000000000000555
282	00010001612
282	00000000000000000000327
260	00000111328
242	000000000000327
242	00000000000019
232	00000000222
229	00000000474
227	00010000266
220	00016
218	74
217	00010000000065
217	000000000000000074
214	0001602
208	000100000001299
180	000000000000474
155	00010001000165
148	0000554
140	43
133	000000000000326
128	0000000000000000612
127	0000571
126	109
122	01110000602
122	00000111299
122	000000000000602
122	0000000000000000109
119	001100000000299
118	00010001642
110	00010001266
109	0001359
109	0000011165
109	000000000000000065
108	0001348
108	00000000000100000000299
107	0111224
107	000100016
106	0001580
105	000000010001299
104	000100010000328
104	00010000000165
104	00000001328
97	0000000068
84	01110111328
83	00110011612
82	639
82	00000000639
81	000000010000299
78	000100010001299
76	000000000000338
75	000100010001612
72	011165
72	00000000000000000000326
58	00110000334
54	001100000000338
54	000000005
54	000000000000581
53	000000000000642
50	526
34	01116
33	01110111338
32	0011000065
31	01110111642
31	01110111602
29	01110111580
29	0000000000000000474
28	00000011612
27	01110111299
27	0100299
27	00110000338
27	00000000555
25	0000334
24	65
24	00010111299
19	1000299
19	000001006
18	0100224
18	01000100642
18	000000000000222
17	0100359
16	0111338
16	0111108
16	01110000338
16	0111000019
16	00100000299
16	0001526
16	00000000556
15	0111580
15	0111011165
15	01000100612
15	00010111266
14	100000000000299
14	01110111359
14	0111011119
14	00000111578
13	000000000000359
12	01110111266
12	011101110111338
12	00100010612
12	00010111338
12	000100010111338
10	0111011100006
10	011101110000299
10	0100526
10	010000000000299
10	000000000000526
10	0000000000000000266
9	0100000065
9	01000000642
9	000060
9	000000000000266
8	79
8	0111526
8	0111453
8	011100006
8	011100000000301
8	01000000299
8	0011299
8	00110000000065
8	00010001338
8	0000001065
7	30
7	0001000065
6	01110111532
6	000059
5	10001000612
5	1000000065
5	10000000266
5	0001224
5	00000100474
5	00000000000165
5	000000000000575
4	0111612
4	011101116
4	01006
4	0100453
4	01000100532
4	01000000266
4	001065
4	0001474
4	0000642
4	000001116
4	0000010065
4	00000000597
3	1000526
3	1000474
3	0111474
3	011100110011001100110000391
3	011100010111338
3	01110000580
3	01100110612
3	010065
3	0100612
3	0100602
3	00001000526
3	00000111602
3	00000111474
3	000000016
3	00000001474
3	000000010001612
3	000000010001602
3	000000000000109
3	00000000000000000000474
2	100065
2	10000000299
2	0111578
2	01110111644
2	011101110000602
2	01110001299
2	0111000001116
2	010019
2	01000100266
2	001165
2	0011526
2	00010001602
2	0000100065
2	000001110000602
2	0000011100006
2	0000011065
2	00000011299
2	00000001642
2	0000000119
2	0000000100000000299
2	00000000554
2	000000000100299
2	000000000011299
2	000000000001612
2	000000000000571
1	539
1	474
1	338
1	224
1	10000000602
1	1000000000006
1	011100110000391
1	01110001338
1	011100010001338
1	01110000642
1	011100000011001100110000391
1	01110000001100110000391
1	011100000000000000000000391
1	011065
1	0100580
1	0100348
1	01000100602
1	01000100580
1	01000100391
1	0100001100110000391
1	010000010000299
1	010000006
1	01000000580
1	01000000391
1	010000000000000000000000391
1	00116
1	0011474
1	00110011642
1	00110001299
1	001100010000299
1	001100006
1	001100000000334
1	001000010000299
1	0001578
1	0001575
1	00010111602
1	00010111580
1	00010001334
1	0001000119
1	000100010001334
1	000100010000338
1	00010000602
1	000100000001222
1	00001000359
1	00001000266
1	00000111642
1	00000100391
1	0000000165
1	00000001602
1	00000001580
1	00000001526
1	0000000100010000109
1	00000000532
1	00000000348
1	00000000342
1	00000000011165
1	0000000001116
1	000000000111474
1	00000000011100000000299
1	00000000010000000000299
1	00000000000074
1	0000000000005
1	000000000000011165
1	0000000000000000642
1	0000000000000000602
1	00000000000000006
