52782	0000000000000000299
27935	000000000000000000000000000000000000000000000000299
14324	00000000000000000000000000000000612
14260	00000000000000006
13112	00000000000000000000000000000000266
12361	00000000000000000000000000000000299
11638	0000000000000000000000000000000065
9747	0000000000000000338
9183	000000000000000065
4614	000000000000000000000000000000006
4212	000000000000000019
4111	00000000000000000000000000000000338
4006	0000000000000000612
3818	0000000000000000000000000000000000000000000000006
3745	0000000000000000526
3105	0000000000000000578
2774	299
2292	0000000000000000474
2201	00000000000000000000000000000000642
1769	0000000000000000580
1710	00000000000000000000000000000000602
1446	00000000000000000000000000000000578
1343	1111111111111111299
1206	0000000000000000108
1193	00000000000000000000000000000000580
1044	00000000000000000000000000000000000000000000000065
1039	0000000000000000224
1026	00000000000000000000000000000000526
984	0000000000000000000000000000000019
931	111111111111111100000000000000000000000000000000299
922	011010000000000000000000000000000000000000000000299
907	00000000000000000000000000000000598
898	01101000000000000000000000000000299
592	0000000000000000575
580	01101000000000000000000000000000266
560	0110100000000000000000000000000065
558	0000000000000000359
528	000000000000000000000000000000000000000000000000612
513	00000000000000000000000000000000359
498	111111111111111111111111111111110000000000000000299
419	0110100000000000299
410	00000000000000000000000000000000000000000000000000000000000000000000000000000000299
391	111111111111111119
374	1111111111111111612
352	0000000000000000602
348	111111111111111165
320	11111111111111111111111111111111299
314	0000000000000000000000000000000000000000000000000000000000000000299
300	0000000000000000348
299	01101000000000000110100000000000612
289	000000000000000000000000000000000000000000000000555
288	01101000000000000000000000000000224
288	000000000000000000000000000000000110100000000000299
284	00000000000000001111111111111111299
282	00000000000000000000000000000000000000000000000000000000000000000000000000000000327
259	11111111111111111111111111111111612
258	00000000000000000110100000000000328
256	1111111111111111111111111111111165
242	000000000000000000000000000000000000000000000000327
242	00000000000000000000000000000000000000000000000019
232	00000000000000000000000000000000222
229	00000000000000000000000000000000474
218	74
217	000000000000000000000000000000000000000000000000000000000000000074
201	11111111111111110000000000000000299
182	11111111111111110000000000000000000000000000000065
180	1111111111111111602
180	000000000000000000000000000000000000000000000000474
178	111111111111111100000000000000001111111111111111299
153	11111111111111111111111111111111111111111111111165
148	0000000000000000554
140	43
134	011010000000010000000000000000000000000000000000299
133	000000000000000000000000000000000000000000000000326
129	0000010000000000299
128	0000000000000000000000000000000000000000000000000000000000000000612
127	0000000000000000571
126	109
122	000000000000000000000000000000000000000000000000602
122	0000000000000000000000000000000000000000000000000000000000000000109
121	01101000000001000000000000000000299
119	001010000000000000000000000000000000000000000000299
114	00000100000000000000000000000000299
109	000000000000000000000000000000000000000000000000000000000000000065
106	0110100000000000224
105	111111111111111111111111111111116
105	0000000000000000011010000000000065
104	1111111111111111359
104	11111111111111111111111111111111266
97	0000000000000000000000000000000068
92	11111111111111111111111111111111642
92	0000000000000010299
91	11111111111111110000000000000000266
90	1111111111111111580
90	1111111111111111348
90	000000000000000011111111111111111111111111111111299
90	00000000000000000000000000000000111111111111111100000000000000000000000000000000299
83	00101000000000000010100000000000612
82	639
82	00000000000000000000000000000000639
77	00000000000000100000000000000000111111111111111165
76	111111111111111111111111111111111111111111111111299
76	000000000000000011111111111111110000000000000000299
76	000000000000000000000000000000000000000000000000338
75	111111111111111111111111111111111111111111111111612
73	0001000000000000299
72	0000100000000000299
72	00000000000000000000000000000000000000000000000000000000000000000000000000000000326
71	0100000000000000299
63	1110111000100111299
63	1000000000000000299
63	01101000000001000000000000000000266
62	01101000000000000000000000000000602
62	00000000000000000110100000000000299
60	01101000000001000000000000000000602
60	00000000000000000110100000000100299
58	00101000000000000000000000000000334
56	1110111010100111299
54	01101000000000000110100000000000328
54	001010000000000000000000000000000000000000000000338
54	000000000000000000000000000000005
54	000000000000000000000000000000000000000000000000581
53	0000001000000000299
53	0000000100000000299
53	0000000010000000299
53	0000000001000000299
53	0000000000100000299
53	0000000000010000299
53	0000000000001000299
53	000000000000000000000000000000000000000000000000642
52	0000000000000100299
50	526
48	011010000000000000000100000000000000000000000000328
47	0110100000000100000000000000000065
46	0010000000000000299
44	0000000000000001299
41	000100000000000000000000000000000000000000000000299
41	000001000000000000000000000000000000000000000000299
41	000000000000001000000000000000000000000000000000299
40	1110111000100001299
40	0110100000000100299
38	100000000000000000000000000000000000000000000000299
38	000010000000000000000000000000000000000000000000299
34	010000000000000000000000000000000000000000000000299
33	01101000000001000110100000000100612
32	011010000000010000000000000000100000000000000000328
32	0010100000000000000000000000000065
30	01101000000001000110100000000100328
30	01101000000001000000000000000000224
30	000000000000000000000000000000000110100000000100299
29	0000000000000000000000000000000000000000000000000000000000000000474
28	1110110000100000299
28	000000100000000000000000000000000000000000000000299
28	000000010000000000000000000000000000000000000000299
28	000000001000000000000000000000000000000000000000299
28	000000000100000000000000000000000000000000000000299
28	000000000010000000000000000000000000000000000000299
28	000000000001000000000000000000000000000000000000299
28	000000000000100000000000000000000000000000000000299
28	000000000000010000000000000000000000000000000000299
28	00000000000000000010100000000000612
27	11111111111111110000000000000000111111111111111165
27	00101000000000000000000000000000338
27	00000000000000000000000000000000555
25	0000000000000000334
24	65
24	111011100010000100000000000000000000000000000000299
24	001000000000000000000000000000000000000000000000299
24	000000000000000100000000000000000000000000000000299
23	111011100010011100000000000000000000000000000000299
22	00100000000000000000000000000000299
20	111011101010011100000000000000000000000000000000299
20	0000011000000000299
19	111011100010000165
19	000000000000000001000000000000006
18	1110111010110111299
18	011010100000000000000010000000000000000000000000328
18	011010010000000000000001000000000000000000000000328
18	011010001000000000000000100000000000000000000000328
18	011010000100000000000000010000000000000000000000328
18	011010000010000000000000001000000000000000000000328
18	011010000001000000000000000100000000000000000000328
18	011010000000100000000000000010000000000000000000328
18	011010000000010000000000000001000000000000000000328
18	0100000000000000224
18	01000000000000000100000000000000642
18	000000000000000000000000000000000000000000000000222
17	0100000000000000359
16	111011101010011165
16	1110111000100001108
16	011110000000000000010000000000000000000000000000328
16	011011000000000000000100000000000000000000000000328
16	011010000000000000100000000000000000000000000000328
16	011010000000000000001000000000000000000000000000328
16	01000000000000006
16	00000000000000000000000000000000556
15	01000000000000000100000000000000612
15	00010000000000006
15	00000000000000106
14	1110110000100001299
14	111010000000000010000000000000000000000000000000328
14	011010000000001000000000000000100000000000000000328
14	011010000000000100000000000000010000000000000000328
14	011010000000000001000000000000000000000000000000328
14	01000000000000000000000000000000299
14	00000100000000006
14	00000010000000006
14	00000001000000006
14	00000000100000006
14	00000000010000006
14	00000000001000006
14	00000000000100006
14	00000000000010006
14	00000000000001006
13	111011100010011165
13	00010000000000000000000000000000266
13	00001000000000006
13	000000000000000000000000000000000000000000000000359
12	111011000010000000000000000000000000000000000000299
12	10000000000000006
12	00100000000000006
12	00100000000000000010000000000000612
12	000001100000000000000000000000000000000000000000299
12	00000000000000016
11	111011101011011100000000000000000000000000000000299
11	10000000000000000000000000000000266
11	00001000000000000000000000000000266
10	11101110001001111110111000100111642
10	1110111000100111000000000000000065
10	0100000000000000526
10	01000000000000000000000000000000266
10	000110000000000000000000000000000000000000000000299
10	000000000000000000000000000000000000000000000000526
10	0000000000000000000000000000000000000000000000000000000000000000266
9	1110110000000000299
9	0100000000000000000000000000000065
9	01000000000000000000000000000000642
9	00000100000000000000000000000000266
9	000000000000000060
9	000000000000000000000000000000000000000000000000266
8	79
8	1111011111111111299
8	111011101011011165
8	11101110101001116
8	1110111010100111000000000000000065
8	11101110001001111110111000100111602
8	11101110001000010000000000000000266
8	111011000010000065
8	1110011111111111299
8	1100011111111111299
8	1000011111111111299
8	10000000000000000000000000000000299
8	0110100000000000453
8	0010100000000000299
8	00101000000000000000000000000000000000000000000065
8	0000011111111111299
8	0000011111111110299
8	0000011111111100299
8	0000011111111000299
8	0000011111110000299
8	0000011111100000299
8	0000011111000000299
8	0000011110000000299
8	00000000000000100000000000000000266
8	0000000000000000001000000000000065
7	30
7	11101110101001111110111010100111602
7	11101110101001111110111010100111580
7	11101110001001116
7	11101110001001111110111000100111580
7	01101000000000006
7	0110100000000000011010000000000000000000000000006
7	011010000000000000000000000000006
7	0001100000000000299
7	0001000000000000000100000000000065
7	00001000000000000000000000000000299
7	000000100000000000000100000000000000000000000000328
7	000000100000000000000100000000000000000000000000299
7	00000010000000000000000000000000299
7	00000010000000000000000000000000266
7	000000010000000000000100000000000000000000000000328
7	000000010000000000000010000000000000000000000000299
7	00000001000000000000000000000000299
7	00000001000000000000000000000000266
7	000000001000000000000100000000000000000000000000328
7	000000001000000000000001000000000000000000000000299
7	00000000100000000000000000000000299
7	00000000100000000000000000000000266
7	000000000100000000000100000000000000000000000000328
7	000000000100000000000000100000000000000000000000299
7	00000000010000000000000000000000299
7	00000000010000000000000000000000266
7	000000000010000000000100000000000000000000000000328
7	000000000010000000000000010000000000000000000000299
7	00000000001000000000000000000000299
7	00000000001000000000000000000000266
7	000000000001000000000100000000000000000000000000328
7	000000000001000000000000001000000000000000000000299
7	00000000000100000000000000000000299
7	00000000000100000000000000000000266
7	000000000000100000000100000000000000000000000000328
7	000000000000100000000000000100000000000000000000299
7	00000000000010000000000000000000299
7	00000000000010000000000000000000266
7	000000000000010000000100000000000000000000000000328
7	000000000000010000000000000010000000000000000000299
7	00000000000001000000000000000000299
7	00000000000001000000000000000000266
7	00000000000000100000000000000000299
7	00000000000000000000001000000000328
7	00000000000000000000000100000000328
7	00000000000000000000000010000000328
7	00000000000000000000000001000000328
7	00000000000000000000000000100000328
7	00000000000000000000000000010000328
7	00000000000000000000000000001000328
7	00000000000000000000000000000100328
6	111101111111111100000000000000000000000000000000299
6	11101110101001111110111010100111642
6	1110111000100111580
6	1110111000100111338
6	11101110001001110000000000000000338
6	111011000010000100000000000000000000000000000000299
6	111001111111111100000000000000000000000000000000299
6	110001111111111100000000000000000000000000000000299
6	100001111111111100000000000000000000000000000000299
6	100000000000000000000100000000000000000000000000328
6	100000000000000000000000000000010000000000000000299
6	01101000000000000110100000000000532
6	010000000000000010000000000000000000000000000000299
6	010000000000000000000100000000000000000000000000328
6	001000000000000001000000000000000000000000000000299
6	001000000000000000000100000000000000000000000000328
6	00100000000000000000000000000000266
6	0001000000000000526
6	000100000000000000100000000000000000000000000000299
6	00010000000000000001100000000000338
6	000100000000000000000100000000000000000000000000328
6	00010000000000000000000000000000299
6	00001100000000001111111111111111299
6	0000100000000000526
6	000010000000000000010000000000000000000000000000299
6	000010000000000000000100000000000000000000000000328
6	000001111111111100000000000000000000000000000000299
6	000001111111111000000000000000000000000000000000299
6	000001111111110000000000000000000000000000000000299
6	000001111111100000000000000000000000000000000000299
6	000001111111000000000000000000000000000000000000299
6	000001111110000000000000000000000000000000000000299
6	000001111100000000000000000000000000000000000000299
6	000001111000000000000000000000000000000000000000299
6	000001100000000065
6	0000011000000000612
6	00000110000000001111111111111111299
6	0000010000000000612
6	000001000000000000001000000000000000000000000000299
6	000001000000000000000100000000000000000000000000328
6	00000011000000001111111111111111299
6	00000001100000001111111111111111299
6	00000000110000001111111111111111299
6	00000000011000001111111111111111299
6	00000000001100001111111111111111299
6	00000000000110001111111111111111299
6	00000000000011001111111111111111299
6	0000000000000010612
6	000000000000001000000100000000000000000000000000328
6	000000000000001000000000000001000000000000000000299
6	000000000000000100000100000000000000000000000000328
6	000000000000000100000000000000100000000000000000299
6	00000000000000010000000000000000299
6	00000000000000010000000000000000266
6	000000000000000059
6	00000000000000001000000000000000328
6	00000000000000000100000000000000328
6	00000000000000000010000000000000328
6	00000000000000000001000000000000328
6	00000000000000000000100000000000328
6	00000000000000000000010000000000328
6	00000000000000000000000000000010328
6	00000000000000000000000000000010299
6	00000000000000000000000000000001328
5	111011100010011111101110001000010000000000000000299
5	1110111000100111000000000000000019
5	11000000000000001111111111111111299
5	1000010000000000299
5	10000000000000011111111111111111299
5	10000000000000001000000000000000612
5	1000000000000000000000000000000065
5	01100000000000001111111111111111299
5	00110000000000001111111111111111299
5	00011000000000001111111111111111299
5	00010000000000000001000000000000299
5	000001000000000065
5	00000000000001101111111111111111299
5	00000000000000111111111111111111299
5	000000000000001065
5	00000000000000000100000000000000474
5	000000000000000000000000000000000000000000000000575
4	1110111010100111580
4	1110111010100111338
4	1110111010100111111011101010011165
4	11101110101001111110111010100111359
4	11101110101001111110111010100111338
4	11101110101001111110111010100111266
4	1110111010100111111011101010011119
4	111011101010011111101110001000010000000000000000299
4	11101110101001110000000000000000338
4	1110111010100111000000000000000019
4	1110111000100111111011100010011165
4	11101110001001111110111000100111359
4	11101110001001111110111000100111338
4	1110111000100111111011100010011119
4	11101110001000011110111000100001602
4	111011000010000165
4	11101100001000006
4	1110110000100000000000000000000065
4	111011000000000000000000000000000000000000000000299
4	01101010000000001110111000100111299
4	01101000001000001110110000100000299
4	011010000000010000000000000000000000000000000000301
4	0110100000000000612
4	011010000000000000000000000000000000000000000000301
4	0100000000000000453
4	01000000000000000100000000000000532
4	001000000000000065
4	000110000000000065
4	00011000000000000001100000000000642
4	00011000000000000001100000000000612
4	000100000000000065
4	0001000000000000000110000000000065
4	0000011000000000602
4	000001100000000019
4	00000110000000001110111000100111299
4	0000011000000000000001100000000065
4	00000110000000000000000000000000000000000000000065
4	00000100000000001110111010100111266
4	00000100000000001110111000100111266
4	0000000000000000642
4	00000000000000001110111010100111578
4	00000000000000001110111000100111578
4	0000000000000000010000000000000065
4	00000000000000000001000000000000299
4	00000000000000000000010000000000299
4	00000000000000000000000000000000597
3	111101111111111165
3	1111011111111111612
3	11101110001001111110111000100111266
3	1110111000100011299
3	11101110001000016
3	1110111000100001526
3	11101110001000011110111000100001580
3	1110111000100001000000000000000065
3	11101100001000001110110000100000602
3	11101100001000001110110000100000580
3	111001111111111165
3	1110011111111111612
3	110001111111111165
3	1100011111111111612
3	100001111111111165
3	1000011111111111612
3	1000000000000000526
3	1000000000000000474
3	0110100000000100011010000000010000000000000000006
3	0110100000000000526
3	0110100000000000474
3	011010000000000000101000000000000010100000000000001010000000000000101000000000000000000000000000391
3	01101000000000000000000000000000580
3	01100000000000000110000000000000612
3	010000000000000065
3	0100000000000000612
3	0100000000000000602
3	0001100000000000359
3	0001100000000000224
3	0001100000000000000000000000000065
3	0001000000000000612
3	000010000000000065
3	0000100000000000612
3	000001111111111165
3	0000011111111111612
3	000001111111111065
3	0000011111111110612
3	000001111111110065
3	0000011111111100612
3	000001111111100065
3	0000011111111000612
3	000001111111000065
3	0000011111110000612
3	000001111110000065
3	0000011111100000612
3	000001111100000065
3	0000011111000000612
3	000001111000000065
3	0000011110000000612
3	000001100000000000000000000000000000011000000000299
3	00000000000000100000000000000010642
3	0000000000000000111011100010000165
3	000000000000000011101110001000016
3	00000000000000001000000000000000526
3	000000000000000000011000000000006
3	000000000000000000010000000000000001000000000000602
3	000000000000000000010000000000000000000000000000299
3	00000000000000000000100000000000299
3	00000000000000000000011000000000299
3	000000000000000000000000000000001110111000100001299
3	00000000000000000000000000000000000100000000000065
3	000000000000000000000000000000000000000000000000109
3	00000000000000000000000000000000000000000000000000000000000000000000000000000000474
2	11111111111111111111111111111111602
2	1111011111111111602
2	111101111111111119
2	1111011111111111111101111111111165
2	11110111111111110000000000000000000000000000000065
2	11101110101101116
2	11101110101101111110111010110111602
2	11101110101101111110111010110111580
2	1110111010110111000000000000000065
2	111011100010011111101110001000016
2	1110111000100001111011100010000165
2	11101110001000011110111000100001338
2	1110111000100001111011100010000119
2	1110111000100001000000000000000019
2	11101100001000016
2	1110110000100001000000000000000065
2	1110110000100000580
2	1110110000100000338
2	1110110000100000111011000010000065
2	11101100001000001110110000100000642
2	11101100001000001110110000100000359
2	11101100001000001110110000100000338
2	11101100001000001110110000100000266
2	1110110000100000111011000010000019
2	11101100001000000000000000000000338
2	1110110000100000000000000000000019
2	111011000000000065
2	1110110000000000000000000000000065
2	11101000000000001110111010100111299
2	11101000000000001110111000100111299
2	11101000000000001000010000000000299
2	1110011111111111602
2	111001111111111119
2	1110011111111111111001111111111165
2	11100111111111110000000000000000000000000000000065
2	1100011111111111602
2	110001111111111119
2	1100011111111111110001111111111165
2	11000111111111110000000000000000000000000000000065
2	1000011111111111602
2	100001111111111119
2	1000011111111111100001111111111165
2	10000111111111110000000000000000000000000000000065
2	100001000000000065
2	10000100000000001110111010100111299
2	10000100000000001110111000100111299
2	10000100000000000000010000000000299
2	100001000000000000000000000000000000000000000000299
2	100000000000000065
2	01101100000000001110111000100001338
2	01101010000000001110111010100111299
2	01101010000000001110111000100111338
2	011010100000000011101110001001111110111000100111338
2	01101010000000001110111000100001299
2	01101000100000001110111010100111299
2	01101000001000001110110000100000338
2	011010000010000011101100001000001110110000100000338
2	01101000000100001110111010110111299
2	01101000000001101110111000100011338
2	01101000000000011110111010100111299
2	01101000000000011110110000100001299
2	0110100000000000578
2	011010000000000001101000000000000000000000000000602
2	010000000000000019
2	01000000000000000100000000000000266
2	001010000000000065
2	0010100000000000526
2	00011000000000006
2	000110000000000000001000000000000000000000000000299
2	00011000000000000000000000000000299
2	0001000000000000602
2	0001000000000000224
2	000100000000000019
2	00010000000000000001000000000000642
2	00010000000000000001000000000000612
2	00010000000000000001000000000000266
2	00010000000000000000000000000000000000000000000065
2	0000100000000000602
2	0000100000000000000010000000000065
2	00001000000000000000100000000000642
2	0000011111111111602
2	000001111111111119
2	0000011111111111000001111111111165
2	00000111111111110000000000000000000000000000000065
2	0000011111111110602
2	000001111111111019
2	0000011111111110000001111111111065
2	00000111111111100000000000000000000000000000000065
2	0000011111111100602
2	000001111111110019
2	0000011111111100000001111111110065
2	00000111111111000000000000000000000000000000000065
2	0000011111111000602
2	000001111111100019
2	0000011111111000000001111111100065
2	00000111111110000000000000000000000000000000000065
2	0000011111110000602
2	000001111111000019
2	0000011111110000000001111111000065
2	00000111111100000000000000000000000000000000000065
2	0000011111100000602
2	000001111110000019
2	0000011111100000000001111110000065
2	00000111111000000000000000000000000000000000000065
2	0000011111000000602
2	000001111100000019
2	0000011111000000000001111100000065
2	00000111110000000000000000000000000000000000000065
2	0000011110000000602
2	000001111000000019
2	0000011110000000000001111000000065
2	00000111100000000000000000000000000000000000000065
2	0000011000000000580
2	0000011000000000348
2	00000110000000001110111010100111299
2	00000110000000001110111000100111338
2	00000110000000001110110000100001299
2	00000110000000000000011000000000642
2	00000110000000000000011000000000612
2	000001100000000000000110000000000000000000000000299
2	000001100000000000000100000000001110111000100111338
2	00000110000000000000000000000000266
2	00000100100000001110111000100111299
2	00000100001000001110110000100000299
2	00000100001000001110110000000000299
2	00000100000100001110111010100111299
2	00000100000000011110111010100111299
2	00000100000000011110110000100000299
2	0000010000000000526
2	000001000000000019
2	00000100000000001110110000100000266
2	0000010000000000000000000000000065
2	00000100000000000000000000000000000000000000000065
2	0000000000000010474
2	000000000000001019
2	0000000000000010000000000000000065
2	00000000000000100000000000000000000000000000000065
2	00000000000000001111011111111111299
2	00000000000000001110111000100111602
2	00000000000000001110111000100001474
2	00000000000000001110110000100000578
2	00000000000000001110011111111111299
2	00000000000000001100011111111111299
2	00000000000000001000011111111111299
2	0000000000000000100000000000000065
2	00000000000000000110100000000100328
2	0000000000000000011000000000000065
2	00000000000000000010100000000000299
2	00000000000000000001100000000000642
2	00000000000000000001000000000000474
2	0000000000000000000100000000000000000000000000000000000000000000299
2	00000000000000000000011111111111299
2	00000000000000000000011111111110299
2	00000000000000000000011111111100299
2	00000000000000000000011111111000299
2	00000000000000000000011111110000299
2	00000000000000000000011111100000299
2	00000000000000000000011111000000299
2	00000000000000000000011110000000299
2	000000000000000000000110000000000000011000000000299
2	000000000000000000000100000000000000000000000000299
2	00000000000000000000000000000000554
2	000000000000000000000000000000000100000000000000299
2	000000000000000000000000000000000010100000000000299
2	000000000000000000000000000000000001000000000000612
2	00000000000000000000000000000000000001100000000000000000000000000000000000000000299
2	000000000000000000000000000000000000000000000000571
1	539
1	474
1	338
1	224
1	111111111111111100001000000000000000100000000000299
1	11111111111111110000010000000000111111111111111165
1	111111111111111100000100000000000000000000000000299
1	11111111111111110000000000000000602
1	111111111111111100000000000000000000000000000010222
1	1111011111111111580
1	1111011111111111348
1	11110111111111111111011111111111642
1	11110111111111111111011111111111612
1	111101111111111111110111111111110000000000000000299
1	11110111111111110000000000000000266
1	111101111111111100000000000000001111111111111111299
1	111101111111111100000000000000001111011111111111299
1	1110111010110111526
1	1110111010110111338
1	1110111010110111111011101011011165
1	11101110101101111110111010110111359
1	11101110101101111110111010110111338
1	11101110101101111110111010110111266
1	1110111010110111111011101011011119
1	11101110101101111110111010100111642
1	111011101011011111101110001000010000000000000000299
1	11101110101101110000000000000000338
1	1110111010110111000000000000000019
1	11101110101001111110111010110111642
1	11101110101001111110111010110111602
1	11101110101001111110111010110111580
1	11101110101001111110111000100111642
1	1110111000100111526
1	11101110001001111110111010100111642
1	11101110001001111110111010100111602
1	11101110001001111110111010100111580
1	1110111000100111111011100010000165
1	11101110001001111110111000100001642
1	111011100010011100000000000000006
1	111011100010001100000000000000000000000000000000299
1	1110111000100001580
1	1110111000100001338
1	11101110001000011110111000100111642
1	11101110001000011110111000100111602
1	11101110001000011110111000100111580
1	11101110001000011110111000100111338
1	11101110001000011110111000100001612
1	111011100010000111101110001000016
1	11101110001000011110111000100001359
1	11101110001000011110111000100001266
1	11101110001000011110110000100001642
1	11101110001000010000000000000000338
1	1110110000100001580
1	1110110000100001338
1	11101100001000011110111000100001642
1	11101100001000011110111000100001602
1	11101100001000011110111000100001580
1	1110110000100001111011000010000165
1	11101100001000011110110000100001602
1	11101100001000011110110000100001580
1	11101100001000011110110000100001359
1	11101100001000011110110000100001338
1	11101100001000011110110000100001266
1	1110110000100001111011000010000119
1	11101100001000011110110000100000642
1	11101100001000010000000000000000338
1	1110110000100001000000000000000019
1	11101100001000001110111000100111338
1	11101100001000001110110000100001642
1	11101100001000001110110000100001602
1	11101100001000001110110000100001580
1	11101100001000001110110000000000642
1	11101100000000006
1	1110110000000000580
1	1110110000000000338
1	11101100000000001110110000100000642
1	11101100000000001110110000100000602
1	11101100000000001110110000100000580
1	11101100000000001110110000000000359
1	11101100000000000000000000000000642
1	11101100000000000000000000000000338
1	1110110000000000000000000000000019
1	11101000000000001110111010100111338
1	111010000000000011101110101001111110111010100111338
1	11101000000000001110111000100111338
1	111010000000000011101110001001111110111000100111338
1	11101000000000001000010000000000338
1	111010000000000010000100000000001000010000000000338
1	1110011111111111580
1	1110011111111111348
1	11100111111111111110011111111111642
1	11100111111111111110011111111111612
1	111001111111111111100111111111110000000000000000299
1	11100111111111110000000000000000266
1	111001111111111100000000000000001111011111111111299
1	111001111111111100000000000000001110011111111111299
1	1100011111111111580
1	1100011111111111348
1	11000111111111111100011111111111642
1	11000111111111111100011111111111612
1	110001111111111111000111111111110000000000000000299
1	11000111111111110000000000000000266
1	110001111111111100000000000000001110011111111111299
1	110001111111111100000000000000001100011111111111299
1	11000000000000001000011111111111299
1	1000011111111111580
1	1000011111111111348
1	10000111111111111000011111111111642
1	10000111111111111000011111111111612
1	100001111111111110000111111111110000000000000000299
1	10000111111111110000000000000000266
1	100001111111111100000000000000001100011111111111299
1	100001111111111100000000000000001000011111111111299
1	10000100000000006
1	10000100000000001110111010100111338
1	10000100000000001110111000100111338
1	10000100000000001110110000000000602
1	10000100000000001110110000000000580
1	1000010000000000100001000000000065
1	10000100000000001000010000000000338
1	10000100000000001000010000000000266
1	1000010000000000100001000000000019
1	10000100000000000000010000000000338
1	100001000000000000000100000000001110111010100111338
1	100001000000000000000100000000001110111000100111338
1	100001000000000000000100000000000000000000000000338
1	10000000000000010000011111111111299
1	10000000000000000000000000000000602
1	1000000000000000000000000000000000000000000000006
1	01101100000000001110111010110111338
1	01101100000000001110111010110111299
1	01101100000000001110111000100001299
1	011011000000000000000100000000001110111010110111338
1	011011000000000000000100000000001110111000100001338
1	01101010000000001110111010100111338
1	011010100000000011101110101001111110111010100111338
1	01101010000000001110111000100001338
1	011010100000000011101110001000011110111000100001338
1	01101000100000001110111010100111338
1	011010001000000011101110101001111110111010100111338
1	01101000000100001110111010110111338
1	011010000001000011101110101101111110111010110111338
1	01101000000001101110111000100011299
1	011010000000011000000000000000101110111000100001338
1	011010000000010065
1	0110100000000100224
1	01101000000001000110100000000100644
1	0110100000000100000000000000000001101000000001006
1	01101000000000011110111010100111338
1	011010000000000111101110101001111110111010100111338
1	01101000000000011110110000100001338
1	011010000000000111101100001000011110110000100001338
1	011010000000000065
1	01101000000000000110100000000000644
1	01101000000000000110100000000000642
1	011010000000000001101000000000006
1	011010000000000000101000000000000000000000000000391
1	0110100000000000000000000000000001101000000000006
1	011010000000000000000000000000000010100000000000001010000000000000101000000000000000000000000000391
1	01101000000000000000000000000000001010000000000000101000000000000000000000000000391
1	011010000000000000000000000000000000000000000000000000000000000000000000000000000000000000000000391
1	011000000000000065
1	01100000000000001100011111111111299
1	0100000000000000580
1	0100000000000000348
1	01000000000000000100000000000000602
1	01000000000000000100000000000000580
1	01000000000000000100000000000000391
1	0100000000000000001010000000000000101000000000000000000000000000391
1	010000000000000000001000000000000000000000000000299
1	010000000000000000000000000000006
1	01000000000000000000000000000000580
1	01000000000000000000000000000000391
1	010000000000000000000000000000000000000000000000000000000000000000000000000000000000000000000000391
1	00110000000000001110011111111111299
1	00101000000000006
1	0010100000000000474
1	00101000000000000010100000000000642
1	00101000000000000000100000000000299
1	001010000000000000001000000000000000000000000000299
1	001010000000000000000000000000006
1	001010000000000000000000000000000000000000000000334
1	001000000000000000001000000000000000000000000000299
1	0001100000000000578
1	0001100000000000575
1	00011000000000001111011111111111299
1	00011000000000000000100000000000299
1	00011000000000000000000000000000266
1	0001000000000000580
1	0001000000000000348
1	00010000000000000001100000000000334
1	000100000000000000010000000000006
1	00010000000000000001000000000000000100000000000065
1	000100000000000000010000000000000001000000000000334
1	000100000000000000010000000000000000000000000000299
1	000100000000000000001000000000000000000000000000299
1	000100000000000000000000000000000001000000000000299
1	0000100000000000580
1	0000100000000000474
1	0000100000000000348
1	000010000000000019
1	00001000000000000000100000000000612
1	000010000000000000001000000000000000000000000000299
1	000010000000000000000000000000000000100000000000299
1	00001000000000000000000000000000000000000000000065
1	0000011111111111580
1	0000011111111111348
1	00000111111111110000011111111111642
1	00000111111111110000011111111111612
1	000001111111111100000111111111110000000000000000299
1	00000111111111110000000000000000266
1	000001111111111100000000000000001000011111111111299
1	000001111111111100000000000000000000011111111111299
1	0000011111111110580
1	0000011111111110348
1	00000111111111100000011111111110642
1	00000111111111100000011111111110612
1	000001111111111000000111111111100000000000000000299
1	00000111111111100000000000000000266
1	000001111111111000000000000000000000011111111111299
1	000001111111111000000000000000000000011111111110299
1	0000011111111100580
1	0000011111111100348
1	00000111111111000000011111111100642
1	00000111111111000000011111111100612
1	000001111111110000000111111111000000000000000000299
1	00000111111111000000000000000000266
1	000001111111110000000000000000000000011111111110299
1	000001111111110000000000000000000000011111111100299
1	0000011111111000580
1	0000011111111000348
1	00000111111110000000011111111000642
1	00000111111110000000011111111000612
1	000001111111100000000111111110000000000000000000299
1	00000111111110000000000000000000266
1	000001111111100000000000000000000000011111111100299
1	000001111111100000000000000000000000011111111000299
1	0000011111110000580
1	0000011111110000348
1	00000111111100000000011111110000642
1	00000111111100000000011111110000612
1	000001111111000000000111111100000000000000000000299
1	00000111111100000000000000000000266
1	000001111111000000000000000000000000011111111000299
1	000001111111000000000000000000000000011111110000299
1	0000011111100000580
1	0000011111100000348
1	00000111111000000000011111100000642
1	00000111111000000000011111100000612
1	000001111110000000000111111000000000000000000000299
1	00000111111000000000000000000000266
1	000001111110000000000000000000000000011111110000299
1	000001111110000000000000000000000000011111100000299
1	0000011111000000580
1	0000011111000000348
1	00000111110000000000011111000000642
1	00000111110000000000011111000000612
1	000001111100000000000111110000000000000000000000299
1	00000111110000000000000000000000266
1	000001111100000000000000000000000000011111100000299
1	000001111100000000000000000000000000011111000000299
1	0000011110000000580
1	0000011110000000348
1	00000111100000000000011110000000642
1	00000111100000000000011110000000612
1	000001111000000000000111100000000000000000000000299
1	00000111100000000000000000000000266
1	000001111000000000000000000000000000011111000000299
1	000001111000000000000000000000000000011110000000299
1	0000011000000000526
1	00000110000000001110111010100111338
1	00000110000000001110110000100001338
1	00000110000000000000010000000000299
1	000001100000000000000100000000001110111010100111338
1	000001100000000000000100000000001110110000100001338
1	000001100000000000000000000000000000011110000000299
1	00000100100000001110111000100111338
1	000001001000000000000100000000001110111000100111338
1	00000100001000001110110000100000338
1	00000100001000001110110000000000338
1	000001000010000000000100000000001110110000100000338
1	000001000010000000000100000000001110110000000000338
1	00000100000100001110111010100111338
1	000001000001000000000100000000001110111010100111338
1	00000100000000011110111010100111338
1	00000100000000011110110000100000338
1	000001000000000100000100000000001110111010100111338
1	000001000000000100000100000000001110110000100000338
1	0000010000000000602
1	0000010000000000474
1	0000010000000000359
1	0000010000000000348
1	0000010000000000111111111111111165
1	000001000000000011111111111111110000000000000000299
1	00000100000000001110111010110111266
1	00000100000000001110111000100001266
1	00000100000000001110110000100001266
1	00000100000000001110110000000000266
1	0000010000000000000001000000000065
1	00000100000000000000010000000000642
1	00000100000000000000010000000000612
1	00000100000000000000010000000000266
1	000001000000000000000100000000000000010000000000299
1	000001000000000000000100000000000000000000000000299
1	00000001100000000000011000000000299
1	00000000110000000000011110000000299
1	00000000011000000000011111000000299
1	00000000001100000000011111100000299
1	00000000000110000000011111110000299
1	00000000000011000000011111111000299
1	00000000000001100000011111111100299
1	00000000000001001111111111111111299
1	00000000000000110000011111111110299
1	0000000000000010602
1	0000000000000010526
1	0000000000000010359
1	0000000000000010348
1	00000000000000101111111111111111299
1	00000000000000101111111111111111266
1	00000000000000101110111000100001266
1	0000000000000010000000000000001065
1	00000000000000100000000000000010612
1	000000000000001000000000000000106
1	00000000000000100000000000000010299
1	00000000000000100000000000000010266
1	000000000000001000000000000000100000000000000000299
1	0000000000000000111111111111111119
1	000000000000000011111111111111111111111111111111612
1	000000000000000011110111111111111111011111111111299
1	00000000000000001110111010110111578
1	00000000000000001110111010110111474
1	00000000000000001110111000100001578
1	00000000000000001110110000100001578
1	00000000000000001110110000000000642
1	00000000000000001110110000000000578
1	000000000000000011100111111111111110011111111111299
1	000000000000000011000111111111111100011111111111299
1	000000000000000010000111111111111000011111111111299
1	00000000000000001000010000000000602
1	00000000000000001000010000000000580
1	00000000000000001000000000000000359
1	00000000000000001000000000000000266
1	0000000000000000011010000000010065
1	000000000000000001101000000001000000000000000000602
1	0000000000000000011010000000010000000000000000006
1	00000000000000000110100000000000602
1	000000000000000001101000000000006
1	000000000000000001101000000000000000000000000000602
1	0000000000000000011010000000000000000000000000006
1	00000000000000000100000000000000391
1	0000000000000000000110000000000065
1	00000000000000000001100000000000299
1	000000000000000000010000000000000001000000000000612
1	000000000000000000010000000000000001000000000000299
1	00000000000000000000100000000000474
1	000000000000000000000111111111110000011111111111299
1	000000000000000000000111111111100000011111111110299
1	000000000000000000000111111111000000011111111100299
1	000000000000000000000111111110000000011111111000299
1	000000000000000000000111111100000000011111110000299
1	000000000000000000000111111000000000011111100000299
1	000000000000000000000111110000000000011111000000299
1	000000000000000000000111100000000000011110000000299
1	0000000000000000000001000000000019
1	000000000000000000000100000000000000010000000000612
1	00000000000000000000000000000010526
1	0000000000000000000000000000001011111111111111110000000000000000109
1	00000000000000000000000000000000532
1	00000000000000000000000000000000348
1	00000000000000000000000000000000342
1	00000000000000000000000000000000111101111111111100000000000000000000000000000000299
1	00000000000000000000000000000000111011100010000165
1	0000000000000000000000000000000011101110001000016
1	000000000000000000000000000000001110111000100001474
1	00000000000000000000000000000000111001111111111100000000000000000000000000000000299
1	00000000000000000000000000000000110001111111111100000000000000000000000000000000299
1	00000000000000000000000000000000100001111111111100000000000000000000000000000000299
1	00000000000000000000000000000000011010000000000000000000000000000000000000000000299
1	00000000000000000000000000000000010000000000000000000000000000000000000000000000299
1	00000000000000000000000000000000000100000000000000000000000000000000000000000000299
1	00000000000000000000000000000000000010000000000000000000000000000000000000000000299
1	00000000000000000000000000000000000001111111111100000000000000000000000000000000299
1	00000000000000000000000000000000000001111111111000000000000000000000000000000000299
1	00000000000000000000000000000000000001111111110000000000000000000000000000000000299
1	00000000000000000000000000000000000001111111100000000000000000000000000000000000299
1	00000000000000000000000000000000000001111111000000000000000000000000000000000000299
1	00000000000000000000000000000000000001111110000000000000000000000000000000000000299
1	00000000000000000000000000000000000001111100000000000000000000000000000000000000299
1	00000000000000000000000000000000000001111000000000000000000000000000000000000000299
1	00000000000000000000000000000000000001000000000065
1	00000000000000000000000000000000000001000000000000000000000000000000000000000000299
1	00000000000000000000000000000000000000000000001065
1	00000000000000000000000000000000000000000000001000000000000000000000000000000000299
1	00000000000000000000000000000000000000000000000074
1	0000000000000000000000000000000000000000000000005
1	000000000000000000000000000000000000000000000000111011101011011165
1	0000000000000000000000000000000000000000000000000000000000000000642
1	0000000000000000000000000000000000000000000000000000000000000000602
1	00000000000000000000000000000000000000000000000000000000000000006
