34737	00000000299
20473	000000000000000000000000299
12705	000000006
11568	0000000000000000612
10106	0000000000000000266
9404	00000000338
9224	0000000000000000299
8787	000000000000000065
7438	0000000065
3822	0000000019
3787	0000000000000000000000006
3775	0000000000000000338
3696	00000000612
3630	00000000000000006
2904	00000000578
2755	00000000526
1598	00000000474
1502	0000000000000000642
1291	001010000000000000000000299
1203	0010100000101000612
1108	0010100000000000338
1108	001010000000000000000000556
991	00000000580
913	299
907	0000000000000000598
743	0000000000000000526
721	0000000000000000580
616	0010000000100000299
605	00000000000000000000000065
583	00000000575
441	000000000000000019
397	0000000000000000359
376	00100000299
364	000000000000000000000000612
347	00000000359
323	0010000000100000612
323	0000000000000000602
311	001000000000000000000000299
289	000000000000000000000000555
285	00000000602
279	00100000612
278	00101000299
274	00000000348
260	0000000000000000000000000000000000000000327
252	0010100065
244	000000000000000000000000327
232	0000000000000000222
226	00000000000000000000000019
221	0010000000000000299
198	0000000000000000000000000000000000000000299
191	00000000000000000000000000000000299
168	000000000000000000000000474
154	00000000224
142	43
136	00000000554
133	000000000000000000000000326
128	001000000010000000000000299
126	000000000010000065
119	109
118	00000000000000000000000000000000612
116	001000000010000065
114	0000000000000000474
113	000000000000000000000000602
113	00000000000000000000000000000000109
110	001000006
100	001000000010000000100000299
98	0010000000100000334
97	000000000000000068
89	000000000000000000100000299
88	00100000001000000010000065
84	00101000602
84	0000000000000000001010000000000000000000299
83	001010006
83	00101000338
83	0010100000101000338
83	001010000010000000000000299
79	639
77	0010000065
75	0000000000000000639
72	0000000000000000000000000000000000000000326
66	000000000000000000000000338
60	0000000000000000578
54	00000000000000005
54	000000000000000000000000581
44	000000000000000000000000642
42	526
39	000000000010000000000000299
38	0000000000000000556
37	00100000526
37	0000000000100000299
33	00100000474
28	01000000299
28	0010000019
28	0010000000100000642
27	0010000000000000266
27	0000000000000000555
26	00000000000000000000000000000000474
25	00010000299
24	00001000299
24	00000000334
21	00000000571
20	01000000224
19	10000000299
19	0100000001000000642
19	00000000010000006
18	01000000359
18	000000000000000000000000222
16	000100000000000000000000299
15	00000000108
14	74
14	100000000000000000000000299
14	00100000001000006
13	001000000000000065
13	00100000000000006
13	000010000000000000000000299
13	0000000000100000602
13	000000000000000000000000359
13	00000000000000000000000000000000266
12	0000000000000000001000000000000000000000299
10	010000000000000000000000299
10	0000000000100000526
10	000000000000000000000000526
9	65
9	0100000000000000642
9	00100000359
9	0010000000100000602
9	0000000060
9	00000000001000006
9	0000000000100000474
8	79
8	01000000526
8	010000000000000065
7	0100000001000000612
7	00100000602
7	00010000526
7	0001000000000000266
7	000000000000000000000000266
6	0011000000011000338
6	00101000000000006
6	00100000338
6	0010000000000000602
6	00001000526
6	00000000642
6	0000000059
6	0000000000101000602
6	0000000000101000299
6	0000000000100000266
5	1000000010000000612
5	100000000000000065
5	1000000000000000266
5	010000006
5	00111000299
5	001110000000000000000000299
5	001100000001000065
5	0011000000010000299
5	000110000000000000000000299
5	0000100000000000266
5	000000000010100065
5	000000000000000000000000575
5	0000000000000000000000000000000074
4	01000000612
4	0100000000000000266
4	0011100065
4	0011100000111000642
4	001100000001100065
4	00101000474
4	0010100000101000602
4	00100000580
4	00100000001000000000000065
4	0010000000100000000000000000000074
4	0010000000000000338
4	000000000010000000100000612
4	00000000001000000000000065
4	0000000000000000597
4	0000000000000000000000000000000065
3	30
3	10000000526
3	10000000474
3	01000000602
3	01000000453
3	00111000359
3	00111000224
3	0011100000111000612
3	001110000000000065
3	001010000000000065
3	0010000000100000359
3	0010000000100000266
3	001000000010000019
3	001000000010000000100000602
3	001000000001000000000000299
3	00100000000000000010000065
3	00100000000000000000000065
3	000100006
3	0000000010000000526
3	0000000001000000474
3	00000000001110006
3	000000000001000000010000602
3	00000000000000000011000065
3	000000000000000000000000109
3	0000000000000000000000000000000000000000474
2	1000000065
2	1000000000000000299
2	01100000526
2	01100000453
2	0110000001100000612
2	0100000019
2	0100000001000000532
2	0100000001000000391
2	0100000001000000266
2	0100000000000000299
2	0011000065
2	00110000612
2	00110000299
2	0011000019
2	00101000612
2	00101000526
2	0010100019
2	0010100000101000642
2	001010000000100000000000299
2	0010100000000000266
2	00100000348
2	0010000000100000338
2	0010000000010000299
2	0010000000001000299
2	0010000000000000639
2	0010000000000000359
2	001000000000000019
2	00011000299
2	000110000000100000000000299
2	0001100000000000299
2	0001000065
2	00010000224
2	000100000011000065
2	0001000000010000266
2	0000100065
2	000010000010100065
2	000000001000000065
2	0000000001100000474
2	0000000000111000642
2	0000000000101000526
2	0000000000100000639
2	0000000000100000612
2	000000000010000000100000642
2	000000000010000000100000334
2	000000000010000000000000602
2	0000000000100000000000000000000074
2	00000000001000000000000000000000299
2	0000000000010000474
2	00000000000100000000000000000000299
2	0000000000000000554
2	000000000000000001000000299
2	000000000000000000110000612
2	00000000000000000010000000100000299
2	00000000000000000010000000000000299
2	00000000000000000000000074
2	000000000000000000000000571
1	539
1	474
1	224
1	1000000000000000602
1	1000000000000000000000006
1	0110000001100000532
1	0110000000100000580
1	011000000000000000000000000000000000000000000000391
1	0100000065
1	01000000580
1	01000000348
1	0100000001000000602
1	0100000001000000580
1	0100000001000000359
1	0100000000100000391
1	010000000000100000000000299
1	01000000000000006
1	001110006
1	00111000578
1	00111000575
1	00110000602
1	00110000580
1	00110000348
1	0011000000110000642
1	0011000000110000612
1	00110000001000000000000065
1	0011000000011000334
1	00110000000100000001000065
1	001100000001000000010000334
1	001100000001000000000000299
1	00110000000000000000000065
1	001100000000000000000000299
1	00101000580
1	00101000348
1	001010000010100065
1	00101000001000000000000065
1	0010100000001000299
1	0010100000000000602
1	00101000000000000000000065
1	00100000554
1	00100000224
1	001000000010100000000000109
1	0010000000100000000000006
1	001000000001000000110000299
1	001000000000100000101000299
1	001000000000100000000000299
1	0010000000000000001000006
1	001000000000000000100000222
1	001000000000000000000000109
1	0010000000000000000000000000000074
1	000110006
1	0001100000011000612
1	0001100000001000299
1	0001100000000000266
1	00010000612
1	00010000602
1	00010000474
1	0001000000010000642
1	0001000000010000612
1	00010000000100006
1	000100000000100000000000299
1	000100000000000000110000299
1	00001000612
1	00001000602
1	000010006
1	00001000474
1	0000100000001000642
1	0000100000001000612
1	0000100000000000299
1	000010000000000000101000299
1	0000000010000000359
1	0000000010000000266
1	000000000100000065
1	0000000001000000391
1	000000000011100065
1	0000000000111000299
1	0000000000110000299
1	00000000001010006
1	00000000001010000010100065
1	000000000010100000101000602
1	0000000000100000578
1	000000000010000000100000555
1	000000000010000000100000299
1	00000000001000000010000000000000109
1	0000000000010000299
1	000000000001000000010000612
1	0000000000001000474
1	0000000000000000581
1	0000000000000000532
1	0000000000000000348
1	0000000000000000342
1	0000000000000000333
1	0000000000000000010000000000000000000000299
1	00000000000000000010100000101000602
1	000000000000000000100000474
1	0000000000000000001000000010000065
1	00000000000000000010000000100000612
1	0000000000000000000100000000000000000000299
1	0000000000000000000010000000000000000000299
1	0000000000000000000000005
1	00000000000000000000000000000000642
1	00000000000000000000000000000000602
1	000000000000000000000000000000006
1	00000000000000000000000000000000000000000000000000000000474
