55513	0000000000000000299
31181	000000000000000000000000000000000000000000000000299
15655	00000000000000000000000000000000612
12584	00000000000000006
12288	00000000000000000000000000000000299
12259	00000000000000000000000000000000266
12101	0000000000000000000000000000000065
9836	0000000000000000338
9546	000000000000000065
6536	000000000000000019
5695	0000000000000000578
4626	00000000000000000000000000000000338
4039	000000000000000000000000000000006
4010	0000000000000000580
3862	0000000000000000612
3824	0000000000000000000000000000000000000000000000006
3662	0000000000000000224
3584	000000000000000000000000000000000000000000000000301
3358	0000000000000000526
3022	00000000000000000000000000000000359
2647	0000000000000000108
1874	000000000000000000000000000000000000000000000000338
1791	0000000000000000474
1714	299
1628	00000000000000000000000000000000642
907	00000000000000000000000000000000598
901	00000000000000000000000000000000578
817	00000000000000000000000000000000526
782	00000000000000000000000000000000580
764	0000000000000000602
643	00000000000000000000000000000000000000000000000065
624	0000000000000000575
512	000000000000000000000000000000000000000000000000306
473	0000000000000000000000000000000019
424	000000000000000000000000000000000000000000000000612
387	00000000000000000000000000000000602
353	0000000000000000359
307	0000000000000000348
289	000000000000000000000000000000000000000000000000555
282	00000000000000000000000000000000000000000000000000000000000000000000000000000000327
267	00000000000000000000000000000000222
244	00000000000000000000000000000000000000000000000019
242	000000000000000000000000000000000000000000000000327
209	0000000000000000000000000000000000000000000000000000000000000000299
206	00000000000000000000000000000000000000000000000000000000000000000000000000000000299
183	000000000000000000000000000000000000000000000000474
153	0000000000000000554
143	0000000000000000000000000000000000000000000000000000000000000000612
140	43
133	000000000000000000000000000000000000000000000000326
126	109
123	000000000000000000000000000000000000000000000000602
123	0000000000000000000000000000000000000000000000000000000000000000109
119	00000000000000000000000000000000474
105	001010000000000000000000000000000000000000000000299
97	0000000000000000000000000000000068
83	639
83	00000000000000000000000000000000639
78	00101000000000000010100000000000612
72	00000000000000000000000000000000000000000000000000000000000000000000000000000000326
55	000000000000000000000000000000005
54	000000000000000000000000000000000000000000000000581
53	000000000000000000000000000000000000000000000000642
51	526
48	001010000000000000000000000000000000000000000000338
46	00101000000000000000000000000000334
38	65
33	0010100000000000000000000000000065
32	0100000000000000299
29	0000000000000000000000000000000000000000000000000000000000000000474
27	0001000000000000299
27	00000000000000000000000000000000555
26	0000100000000000299
24	00101000000000000000000000000000338
23	00000000000000000010100000000000612
21	0100000000000000224
21	0000000000000000334
20	0000000000000000571
20	000000000000000000000000000000000000000000000000224
19	1000000000000000299
19	01000000000000000100000000000000642
19	000000000000000001000000000000006
18	0100000000000000359
18	000000000000000000000000000000000000000000000000222
17	0110100000000000453
17	01101000000000000110100000000000612
17	000100000000000000000000000000000000000000000000299
17	000000000000000000101000000000006
16	01000000000000000100000000000000612
16	00101000000000000000000000000000299
16	00000000000000000000000000000000556
15	01101000000000000110100000000000532
15	00101000000000000010100000000000642
15	00000000000000000000000000000000224
14	30
14	100000000000000000000000000000000000000000000000299
14	0010100000000000359
14	0010100000000000224
14	000010000000000000000000000000000000000000000000299
13	00100000000000000000000000000000299
13	000000000000000000000000000000000000000000000000359
12	010000000000000000000000000000000000000000000000299
11	01000000000000000000000000000000299
11	0000000000000000000000000000000000000000000000000000000000000000266
10	01101000000000000000000000000000580
10	0100000000000000526
10	000110000000000000000000000000000000000000000000299
10	000000000000000000000000000000000000000000000000526
10	000000000000000000000000000000000000000000000000108
9	01101000000000000000000000000000391
9	0100000000000000000000000000000065
9	01000000000000000000000000000000642
9	001010000000000065
9	00100000000000000010000000000000612
9	000000000000000060
8	79
8	001010000000000000000000000000000000000000000000334
8	000000000000000000000000000000000000000000000000266
7	0001100000000000299
7	0001000000000000526
7	0001000000000000000100000000000065
7	00010000000000000000000000000000266
7	0000000000000000010000000000000065
6	74
6	0010100000000000299
6	00010000000000000001100000000000338
6	0000100000000000526
6	000000000000000059
6	0000000000000000001000000000000065
5	10000000000000001000000000000000612
5	1000000000000000000000000000000065
5	10000000000000000000000000000000266
5	01000000000000006
5	0100000000000000453
5	00101000000000000000000000000000642
5	00101000000000000000000000000000000000000000000065
5	00010000000000000001000000000000299
5	00001000000000000000000000000000266
5	00000000000000000100000000000000474
5	000000000000000000000000000000000000000000000000575
5	000000000000000000000000000000000000000000000000000000000000000074
4	010000000000000065
4	0100000000000000612
4	01000000000000000100000000000000532
4	01000000000000000000000000000000266
4	000110000000000065
4	00011000000000000001100000000000642
4	00011000000000000001100000000000612
4	000100000000000065
4	0001000000000000000110000000000065
4	000010000000000065
4	0000000000000000642
4	00000000000000000001000000000000299
4	00000000000000000000000000000000597
3	1000000000000000526
3	1000000000000000474
3	01100000000000000110000000000000612
3	0100000000000000602
3	0010100000000000612
3	001000000000000065
3	0001100000000000359
3	0001100000000000224
3	0001100000000000000000000000000065
3	0001000000000000612
3	00010000000000006
3	0000100000000000612
3	00000000000000001000000000000000526
3	000000000000000000011000000000006
3	000000000000000000010000000000000001000000000000602
3	000000000000000000010000000000000000000000000000299
3	00000000000000000000100000000000299
3	00000000000000000000000000000000000100000000000065
3	000000000000000000000000000000000000000000000000109
3	000000000000000000000000000000000000000000000000000000000000000065
3	0000000000000000000000000000000000000000000000000000000000000000642
3	00000000000000000000000000000000000000000000000000000000000000000000000000000000474
2	100000000000000065
2	10000000000000000000000000000000299
2	011010000000000000101000000000000010100000000000001010000000000000101000000000000000000000000000391
2	010000000000000019
2	01000000000000000100000000000000391
2	01000000000000000100000000000000266
2	0010100000000000526
2	00011000000000006
2	000110000000000000001000000000000000000000000000299
2	00011000000000000000000000000000299
2	0001000000000000602
2	0001000000000000224
2	000100000000000019
2	00010000000000000001000000000000642
2	00010000000000000001000000000000612
2	00010000000000000001000000000000266
2	00010000000000000000000000000000000000000000000065
2	0000100000000000602
2	000010000000000019
2	0000100000000000000010000000000065
2	00001000000000000000100000000000642
2	00001000000000000000000000000000000000000000000065
2	0000000000000000100000000000000065
2	0000000000000000011000000000000065
2	00000000000000000001100000000000642
2	00000000000000000001000000000000474
2	0000000000000000000100000000000000000000000000000000000000000000299
2	00000000000000000000000000000000554
2	000000000000000000000000000000000100000000000000299
2	000000000000000000000000000000000001000000000000612
2	000000000000000000000000000000000000000000000000571
2	000000000000000000000000000000000000000000000000000000000000000000000000000000000000000000000000299
1	539
1	474
1	224
1	10000000000000000000000000000000602
1	1000000000000000000000000000000000000000000000006
1	01101000000000000110100000000000642
1	011010000000000000101000000000000010100000000000001010000000000000000000000000000000000000000000391
1	011010000000000000000000000000000010100000000000001010000000000000101000000000000000000000000000391
1	01101000000000000000000000000000001010000000000000101000000000000000000000000000391
1	011010000000000000000000000000000000000000000000391
1	011010000000000000000000000000000000000000000000000000000000000000000000000000000000000000000000391
1	011000000000000065
1	0100000000000000348
1	01000000000000000100000000000000602
1	01000000000000000100000000000000580
1	01000000000000000100000000000000359
1	0100000000000000001010000000000000101000000000000000000000000000391
1	010000000000000000001000000000000000000000000000299
1	010000000000000000000000000000006
1	01000000000000000000000000000000580
1	01000000000000000000000000000000391
1	010000000000000000000000000000000000000000000000000000000000000000000000000000000000000000000000391
1	0010100000000000580
1	0010100000000000474
1	00101000000000000000100000000000299
1	001010000000000000001000000000000000000000000000299
1	001000000000000000001000000000000000000000000000299
1	0001100000000000578
1	0001100000000000575
1	00011000000000000000100000000000299
1	00011000000000000000000000000000266
1	0001000000000000580
1	0001000000000000474
1	0001000000000000348
1	00010000000000000001100000000000334
1	000100000000000000010000000000006
1	00010000000000000001000000000000000100000000000065
1	000100000000000000010000000000000001000000000000334
1	000100000000000000010000000000000000000000000000299
1	000100000000000000001000000000000000000000000000299
1	000100000000000000000000000000000001000000000000299
1	00001000000000006
1	0000100000000000580
1	0000100000000000474
1	0000100000000000348
1	00001000000000000000100000000000612
1	000010000000000000001000000000000000000000000000299
1	00001000000000000000000000000000299
1	000010000000000000000000000000000000100000000000299
1	0000000000000000303
1	00000000000000001000000000000000359
1	00000000000000001000000000000000266
1	00000000000000000100000000000000391
1	00000000000000000010100000000000299
1	0000000000000000000110000000000065
1	00000000000000000001100000000000299
1	000000000000000000010000000000000001000000000000612
1	000000000000000000010000000000000001000000000000299
1	00000000000000000000100000000000474
1	000000000000000000001000000000000000100000000000299
1	00000000000000000000000000000000532
1	00000000000000000000000000000000491
1	00000000000000000000000000000000348
1	00000000000000000000000000000000342
1	00000000000000000000000000000000010000000000000000000000000000000000000000000000299
1	00000000000000000000000000000000000100000000000000000000000000000000000000000000299
1	00000000000000000000000000000000000010000000000000000000000000000000000000000000299
1	00000000000000000000000000000000000000000000000074
1	0000000000000000000000000000000000000000000000005
1	0000000000000000000000000000000000000000000000000000000000000000602
1	00000000000000000000000000000000000000000000000000000000000000006
1	00000000000000000000000000000000000000000000000000000000000000000000000000000000526
