34736	0000000000000000299
20473	000000000000000000000000000000000000000000000000299
12701	00000000000000006
11563	00000000000000000000000000000000612
10106	00000000000000000000000000000000266
9407	0000000000000000338
9225	00000000000000000000000000000000299
8780	0000000000000000000000000000000065
7437	000000000000000065
3822	000000000000000019
3787	0000000000000000000000000000000000000000000000006
3775	00000000000000000000000000000000338
3694	0000000000000000612
3632	000000000000000000000000000000006
2904	0000000000000000578
2754	0000000000000000526
1598	0000000000000000474
1509	00000000000000000000000000000000642
1291	001010000000000000000000000000000000000000000000299
1203	00101000000000000010100000000000612
1108	00101000000000000000000000000000338
1108	001010000000000000000000000000000000000000000000556
990	0000000000000000580
921	299
907	00000000000000000000000000000000598
743	00000000000000000000000000000000526
721	00000000000000000000000000000000580
616	00100000000000000010000000000000299
605	00000000000000000000000000000000000000000000000065
583	0000000000000000575
441	0000000000000000000000000000000019
397	00000000000000000000000000000000359
376	0010000000000000299
365	000000000000000000000000000000000000000000000000612
352	0000000000000000359
323	00100000000000000010000000000000612
323	00000000000000000000000000000000602
311	001000000000000000000000000000000000000000000000299
289	000000000000000000000000000000000000000000000000555
283	0000000000000000602
279	0010000000000000612
278	0010100000000000299
274	0000000000000000348
260	00000000000000000000000000000000000000000000000000000000000000000000000000000000327
252	001010000000000065
244	000000000000000000000000000000000000000000000000327
232	00000000000000000000000000000000222
226	00000000000000000000000000000000000000000000000019
221	00100000000000000000000000000000299
198	00000000000000000000000000000000000000000000000000000000000000000000000000000000299
190	0000000000000000000000000000000000000000000000000000000000000000299
168	000000000000000000000000000000000000000000000000474
155	0000000000000000224
142	43
136	0000000000000000554
133	000000000000000000000000000000000000000000000000326
128	001000000000000000100000000000000000000000000000299
126	0000000000000000001000000000000065
119	109
118	0000000000000000000000000000000000000000000000000000000000000000612
116	0010000000000000001000000000000065
114	00000000000000000000000000000000474
113	000000000000000000000000000000000000000000000000602
113	0000000000000000000000000000000000000000000000000000000000000000109
110	00100000000000006
100	001000000000000000100000000000000010000000000000299
98	00100000000000000010000000000000334
97	0000000000000000000000000000000068
89	000000000000000000000000000000000010000000000000299
88	00100000000000000010000000000000001000000000000065
84	0010100000000000602
84	00000000000000000000000000000000001010000000000000000000000000000000000000000000299
83	00101000000000006
83	0010100000000000338
83	00101000000000000010100000000000338
83	001010000000000000100000000000000000000000000000299
79	639
77	001000000000000065
75	00000000000000000000000000000000639
72	00000000000000000000000000000000000000000000000000000000000000000000000000000000326
66	000000000000000000000000000000000000000000000000338
60	00000000000000000000000000000000578
54	000000000000000000000000000000005
54	000000000000000000000000000000000000000000000000581
43	000000000000000000000000000000000000000000000000642
42	526
39	000000000000000000100000000000000000000000000000299
38	00000000000000000000000000000000556
37	0010000000000000526
37	00000000000000000010000000000000299
33	0010000000000000474
32	0100000000000000299
28	001000000000000019
28	00100000000000000010000000000000642
27	00100000000000000000000000000000266
27	00000000000000000000000000000000555
26	0000000000000000000000000000000000000000000000000000000000000000474
25	0001000000000000299
24	0000100000000000299
24	0000000000000000334
21	0100000000000000224
21	0000000000000000571
19	1000000000000000299
19	01000000000000000100000000000000642
19	000000000000000001000000000000006
18	0100000000000000359
18	000000000000000000000000000000000000000000000000222
16	000100000000000000000000000000000000000000000000299
15	0000000000000000108
14	74
14	100000000000000000000000000000000000000000000000299
14	001000000000000000100000000000006
13	0010000000000000000000000000000065
13	001000000000000000000000000000006
13	000010000000000000000000000000000000000000000000299
13	00000000000000000010000000000000602
13	000000000000000000000000000000000000000000000000359
13	0000000000000000000000000000000000000000000000000000000000000000266
12	010000000000000000000000000000000000000000000000299
12	00000000000000000000000000000000001000000000000000000000000000000000000000000000299
10	65
10	00000000000000000010000000000000526
10	000000000000000000000000000000000000000000000000526
9	0100000000000000000000000000000065
9	01000000000000000000000000000000642
9	0010000000000000359
9	00100000000000000010000000000000602
9	000000000000000060
9	000000000000000000100000000000006
9	00000000000000000010000000000000474
8	79
8	0100000000000000526
7	0010000000000000602
7	0001000000000000526
7	00010000000000000000000000000000266
7	000000000000000000000000000000000000000000000000266
6	00110000000000000001100000000000338
6	001010000000000000000000000000006
6	0010000000000000338
6	00100000000000000000000000000000602
6	0000100000000000526
6	0000000000000000642
6	000000000000000059
6	00000000000000000010100000000000602
6	00000000000000000010100000000000299
6	00000000000000000010000000000000266
5	10000000000000001000000000000000612
5	1000000000000000000000000000000065
5	10000000000000000000000000000000266
5	0011100000000000299
5	001110000000000000000000000000000000000000000000299
5	0011000000000000000100000000000065
5	00110000000000000001000000000000299
5	000110000000000000000000000000000000000000000000299
5	00001000000000000000000000000000266
5	0000000000000000001010000000000065
5	000000000000000000000000000000000000000000000000575
5	000000000000000000000000000000000000000000000000000000000000000074
4	0100000000000000612
4	01000000000000006
4	01000000000000000100000000000000612
4	01000000000000000000000000000000266
4	001110000000000065
4	00111000000000000011100000000000642
4	0011000000000000000110000000000065
4	0010100000000000474
4	00101000000000000010100000000000602
4	0010000000000000580
4	00100000000000000010000000000000000000000000000065
4	001000000000000000100000000000000000000000000000000000000000000074
4	00100000000000000000000000000000338
4	000000000000000000100000000000000010000000000000612
4	00000000000000000010000000000000000000000000000065
4	00000000000000000000000000000000597
4	000000000000000000000000000000000000000000000000000000000000000065
3	30
3	1000000000000000526
3	1000000000000000474
3	0100000000000000602
3	0011100000000000359
3	0011100000000000224
3	00111000000000000011100000000000612
3	0011100000000000000000000000000065
3	0010100000000000000000000000000065
3	00100000000000000010000000000000359
3	00100000000000000010000000000000266
3	0010000000000000001000000000000019
3	001000000000000000100000000000000010000000000000602
3	001000000000000000010000000000000000000000000000299
3	00100000000000000000000000000000001000000000000065
3	00100000000000000000000000000000000000000000000065
3	00010000000000006
3	00000000000000001000000000000000526
3	00000000000000000100000000000000474
3	000000000000000000111000000000006
3	000000000000000000010000000000000001000000000000602
3	00000000000000000000000000000000001100000000000065
3	000000000000000000000000000000000000000000000000109
3	00000000000000000000000000000000000000000000000000000000000000000000000000000000474
2	100000000000000065
2	10000000000000000000000000000000299
2	0110000000000000526
2	0110000000000000453
2	01100000000000000110000000000000612
2	0100000000000000453
2	010000000000000019
2	01000000000000000100000000000000532
2	01000000000000000100000000000000266
2	01000000000000000000000000000000299
2	001100000000000065
2	0011000000000000612
2	0011000000000000299
2	001100000000000019
2	0010100000000000612
2	0010100000000000526
2	001010000000000019
2	00101000000000000010100000000000642
2	001010000000000000001000000000000000000000000000299
2	00101000000000000000000000000000266
2	0010000000000000348
2	00100000000000000010000000000000338
2	00100000000000000001000000000000299
2	00100000000000000000100000000000299
2	00100000000000000000000000000000639
2	00100000000000000000000000000000359
2	0010000000000000000000000000000019
2	0001100000000000299
2	000110000000000000001000000000000000000000000000299
2	00011000000000000000000000000000299
2	000100000000000065
2	0001000000000000224
2	0001000000000000001100000000000065
2	00010000000000000001000000000000266
2	000010000000000065
2	0000100000000000001010000000000065
2	0000000000000000100000000000000065
2	00000000000000000110000000000000474
2	00000000000000000011100000000000642
2	00000000000000000010100000000000526
2	00000000000000000010000000000000639
2	00000000000000000010000000000000612
2	000000000000000000100000000000000010000000000000642
2	000000000000000000100000000000000010000000000000334
2	000000000000000000100000000000000000000000000000602
2	000000000000000000100000000000000000000000000000000000000000000074
2	0000000000000000001000000000000000000000000000000000000000000000299
2	00000000000000000001000000000000474
2	0000000000000000000100000000000000000000000000000000000000000000299
2	00000000000000000000000000000000554
2	000000000000000000000000000000000100000000000000299
2	000000000000000000000000000000000011000000000000612
2	0000000000000000000000000000000000100000000000000010000000000000299
2	0000000000000000000000000000000000100000000000000000000000000000299
2	00000000000000000000000000000000000000000000000074
2	000000000000000000000000000000000000000000000000571
1	539
1	474
1	224
1	10000000000000000000000000000000602
1	1000000000000000000000000000000000000000000000006
1	01100000000000000110000000000000532
1	01100000000000000010000000000000580
1	011000000000000000000000000000000000000000000000000000000000000000000000000000000000000000000000391
1	010000000000000065
1	0100000000000000348
1	01000000000000000100000000000000602
1	01000000000000000100000000000000580
1	01000000000000000100000000000000391
1	01000000000000000100000000000000359
1	01000000000000000010000000000000391
1	010000000000000000001000000000000000000000000000299
1	010000000000000000000000000000006
1	00111000000000006
1	0011100000000000578
1	0011100000000000575
1	0011000000000000602
1	0011000000000000580
1	0011000000000000348
1	00110000000000000011000000000000642
1	00110000000000000011000000000000612
1	00110000000000000010000000000000000000000000000065
1	00110000000000000001100000000000334
1	00110000000000000001000000000000000100000000000065
1	001100000000000000010000000000000001000000000000334
1	001100000000000000010000000000000000000000000000299
1	00110000000000000000000000000000000000000000000065
1	001100000000000000000000000000000000000000000000299
1	0010100000000000580
1	0010100000000000348
1	0010100000000000001010000000000065
1	00101000000000000010000000000000000000000000000065
1	00101000000000000000100000000000299
1	00101000000000000000000000000000602
1	00101000000000000000000000000000000000000000000065
1	0010000000000000554
1	0010000000000000224
1	001000000000000000101000000000000000000000000000109
1	0010000000000000001000000000000000000000000000006
1	001000000000000000010000000000000011000000000000299
1	001000000000000000001000000000000010100000000000299
1	001000000000000000001000000000000000000000000000299
1	0010000000000000000000000000000000100000000000006
1	001000000000000000000000000000000010000000000000222
1	001000000000000000000000000000000000000000000000109
1	001000000000000000000000000000000000000000000000000000000000000074
1	00011000000000006
1	00011000000000000001100000000000612
1	00011000000000000000100000000000299
1	00011000000000000000000000000000266
1	0001000000000000612
1	0001000000000000602
1	0001000000000000474
1	00010000000000000001000000000000642
1	00010000000000000001000000000000612
1	000100000000000000010000000000006
1	000100000000000000001000000000000000000000000000299
1	000100000000000000000000000000000011000000000000299
1	0000100000000000612
1	0000100000000000602
1	00001000000000006
1	0000100000000000474
1	00001000000000000000100000000000642
1	00001000000000000000100000000000612
1	00001000000000000000000000000000299
1	000010000000000000000000000000000010100000000000299
1	00000000000000001000000000000000359
1	00000000000000001000000000000000266
1	0000000000000000010000000000000065
1	00000000000000000100000000000000391
1	0000000000000000001110000000000065
1	00000000000000000011100000000000299
1	00000000000000000011000000000000299
1	000000000000000000101000000000006
1	00000000000000000010100000000000001010000000000065
1	000000000000000000101000000000000010100000000000602
1	00000000000000000010000000000000578
1	000000000000000000100000000000000010000000000000555
1	000000000000000000100000000000000010000000000000299
1	0000000000000000001000000000000000100000000000000000000000000000109
1	00000000000000000001000000000000299
1	000000000000000000010000000000000001000000000000612
1	00000000000000000000100000000000474
1	00000000000000000000000000000000581
1	00000000000000000000000000000000532
1	00000000000000000000000000000000348
1	00000000000000000000000000000000342
1	00000000000000000000000000000000333
1	00000000000000000000000000000000010000000000000000000000000000000000000000000000299
1	0000000000000000000000000000000000101000000000000010100000000000602
1	000000000000000000000000000000000010000000000000474
1	000000000000000000000000000000000010000000000000001000000000000065
1	0000000000000000000000000000000000100000000000000010000000000000612
1	00000000000000000000000000000000000100000000000000000000000000000000000000000000299
1	00000000000000000000000000000000000010000000000000000000000000000000000000000000299
1	0000000000000000000000000000000000000000000000005
1	0000000000000000000000000000000000000000000000000000000000000000642
1	0000000000000000000000000000000000000000000000000000000000000000602
1	00000000000000000000000000000000000000000000000000000000000000006
1	0000000000000000000000000000000000000000000000000000000000000000000000000000000000000000000000000000000000000000474
