55513	0000299
31181	000000000000299
15655	00000000612
12584	00006
12288	00000000299
12259	00000000266
12101	0000000065
9836	0000338
9546	000065
6536	000019
5695	0000578
4626	00000000338
4039	000000006
4010	0000580
3862	0000612
3824	0000000000006
3662	0000224
3584	000000000000301
3358	0000526
3022	00000000359
2647	0000108
1874	000000000000338
1791	0000474
1714	299
1628	00000000642
907	00000000598
901	00000000578
817	00000000526
782	00000000580
764	0000602
643	00000000000065
624	0000575
512	000000000000306
473	0000000019
424	000000000000612
387	00000000602
353	0000359
307	0000348
289	000000000000555
282	00000000000000000000327
267	00000000222
244	00000000000019
242	000000000000327
209	0000000000000000299
206	00000000000000000000299
183	000000000000474
153	0000554
143	0000000000000000612
140	43
133	000000000000326
126	109
123	000000000000602
123	0000000000000000109
119	00000000474
105	001100000000299
97	0000000068
83	639
83	00000000639
78	00110011612
72	00000000000000000000326
60	0001299
55	000000005
54	000000000000581
53	000000000000642
51	526
48	001100000000338
46	00110000334
41	000100000000299
38	65
33	0011000065
32	0100299
29	0000000000000000474
27	00000000555
24	00110000338
23	00000011612
21	0100224
21	0000334
20	0000571
20	000000000000224
19	1000299
19	01000100642
19	000001006
18	0100359
18	000000000000222
17	0111453
17	01110111612
17	000000116
16	01000100612
16	00110000299
16	00000000556
15	01110111532
15	00110011642
15	00000000224
14	30
14	100000000000299
14	0011359
14	0011224
13	00100000299
13	0001526
13	0001000165
13	00010000266
13	000000000000359
12	010000000000299
12	000165
11	01000000299
11	0000000000000000266
10	01110000580
10	0100526
10	000000000000526
10	000000000000108
9	01110000391
9	0100000065
9	01000000642
9	001165
9	00100010612
9	000060
8	79
8	001100000000334
8	00010001642
8	00000001299
8	000000000000266
7	00010001612
7	0000010065
6	74
6	0011299
6	0001612
6	00016
6	00010001338
6	00010001299
6	000059
6	0000001065
5	10001000612
5	1000000065
5	10000000266
5	01006
5	0100453
5	00110000642
5	00110000000065
5	0001224
5	000100010000299
5	00000100474
5	000000000000575
5	000000000000000074
4	010065
4	0100612
4	01000100532
4	01000000266
4	0001602
4	000119
4	00010000000065
4	0000642
4	00000000597
3	1000526
3	1000474
3	01100110612
3	0100602
3	0011612
3	001065
3	0001359
3	0001000065
3	00010000299
3	00001000526
3	000000016
3	00000001474
3	000000010001602
3	000000010000299
3	00000000000165
3	000000000000109
3	000000000000000065
3	0000000000000000642
3	00000000000000000000474
2	100065
2	10000000299
2	011100110011001100110000391
2	010019
2	01000100391
2	01000100266
2	0011526
2	0001580
2	0001474
2	0001348
2	00010001266
2	000100000001299
2	0000100065
2	0000011065
2	00000001642
2	000000010001299
2	0000000100000000299
2	00000000554
2	000000000100299
2	000000000001612
2	00000000000100000000299
2	000000000000571
2	000000000000000000000000299
1	539
1	474
1	224
1	10000000602
1	1000000000006
1	01110111642
1	011100110011001100000000391
1	011100000011001100110000391
1	01110000001100110000391
1	011100000000391
1	011100000000000000000000391
1	011065
1	0100348
1	01000100602
1	01000100580
1	01000100359
1	0100001100110000391
1	010000010000299
1	010000006
1	01000000580
1	01000000391
1	010000000000000000000000391
1	0011580
1	0011474
1	00110001299
1	001100010000299
1	001000010000299
1	0001578
1	0001575
1	000100016
1	00010001334
1	00010001000165
1	000100010001334
1	0000303
1	00001000359
1	00001000266
1	00000100391
1	00000011299
1	0000000165
1	000000010001612
1	00000000532
1	00000000491
1	00000000348
1	00000000342
1	00000000010000000000299
1	00000000000074
1	0000000000005
1	0000000000000000602
1	00000000000000006
1	00000000000000000000526
