55513	00000000299
31181	000000000000000000000000299
15655	0000000000000000612
12584	000000006
12288	0000000000000000299
12259	0000000000000000266
12101	000000000000000065
9836	00000000338
9546	0000000065
6536	0000000019
5695	00000000578
4626	0000000000000000338
4039	00000000000000006
4010	00000000580
3862	00000000612
3824	0000000000000000000000006
3662	00000000224
3584	000000000000000000000000301
3358	00000000526
3022	0000000000000000359
2647	00000000108
1874	000000000000000000000000338
1791	00000000474
1714	299
1628	0000000000000000642
907	0000000000000000598
901	0000000000000000578
817	0000000000000000526
782	0000000000000000580
764	00000000602
643	00000000000000000000000065
624	00000000575
512	000000000000000000000000306
473	000000000000000019
424	000000000000000000000000612
387	0000000000000000602
353	00000000359
307	00000000348
289	000000000000000000000000555
282	0000000000000000000000000000000000000000327
267	0000000000000000222
244	00000000000000000000000019
242	000000000000000000000000327
209	00000000000000000000000000000000299
206	0000000000000000000000000000000000000000299
183	000000000000000000000000474
153	00000000554
143	00000000000000000000000000000000612
140	43
133	000000000000000000000000326
126	109
123	000000000000000000000000602
123	00000000000000000000000000000000109
119	0000000000000000474
105	001010000000000000000000299
97	000000000000000068
83	639
83	0000000000000000639
78	0010100000101000612
72	0000000000000000000000000000000000000000326
55	00000000000000005
54	000000000000000000000000581
53	000000000000000000000000642
51	526
48	001010000000000000000000338
46	0010100000000000334
38	65
33	001010000000000065
32	01000000299
29	00000000000000000000000000000000474
27	00010000299
27	0000000000000000555
26	00001000299
24	0010100000000000338
23	0000000000101000612
21	01000000224
21	00000000334
20	00000000571
20	000000000000000000000000224
19	10000000299
19	0100000001000000642
19	00000000010000006
18	01000000359
18	000000000000000000000000222
17	01101000453
17	0110100001101000612
17	000100000000000000000000299
17	00000000001010006
16	0100000001000000612
16	0010100000000000299
16	0000000000000000556
15	0110100001101000532
15	0010100000101000642
15	0000000000000000224
14	30
14	100000000000000000000000299
14	00101000359
14	00101000224
14	000010000000000000000000299
13	0010000000000000299
13	000000000000000000000000359
12	010000000000000000000000299
11	0100000000000000299
11	00000000000000000000000000000000266
10	0110100000000000580
10	01000000526
10	000110000000000000000000299
10	000000000000000000000000526
10	000000000000000000000000108
9	0110100000000000391
9	010000000000000065
9	0100000000000000642
9	0010100065
9	0010000000100000612
9	0000000060
8	79
8	001010000000000000000000334
8	000000000000000000000000266
7	00011000299
7	00010000526
7	000100000001000065
7	0001000000000000266
7	000000000100000065
6	74
6	00101000299
6	0001000000011000338
6	00001000526
6	0000000059
6	000000000010000065
5	1000000010000000612
5	100000000000000065
5	1000000000000000266
5	010000006
5	01000000453
5	0010100000000000642
5	00101000000000000000000065
5	0001000000010000299
5	0000100000000000266
5	0000000001000000474
5	000000000000000000000000575
5	0000000000000000000000000000000074
4	0100000065
4	01000000612
4	0100000001000000532
4	0100000000000000266
4	0001100065
4	0001100000011000642
4	0001100000011000612
4	0001000065
4	000100000001100065
4	0000100065
4	00000000642
4	0000000000010000299
4	0000000000000000597
3	10000000526
3	10000000474
3	0110000001100000612
3	01000000602
3	00101000612
3	0010000065
3	00011000359
3	00011000224
3	000110000000000065
3	00010000612
3	000100006
3	00001000612
3	0000000010000000526
3	00000000000110006
3	000000000001000000010000602
3	000000000001000000000000299
3	0000000000001000299
3	00000000000000000001000065
3	000000000000000000000000109
3	0000000000000000000000000000000065
3	00000000000000000000000000000000642
3	0000000000000000000000000000000000000000474
2	1000000065
2	1000000000000000299
2	011010000010100000101000001010000010100000000000391
2	0100000019
2	0100000001000000391
2	0100000001000000266
2	00101000526
2	000110006
2	000110000000100000000000299
2	0001100000000000299
2	00010000602
2	00010000224
2	0001000019
2	0001000000010000642
2	0001000000010000612
2	0001000000010000266
2	00010000000000000000000065
2	00001000602
2	0000100019
2	000010000000100065
2	0000100000001000642
2	00001000000000000000000065
2	000000001000000065
2	000000000110000065
2	0000000000011000642
2	0000000000010000474
2	00000000000100000000000000000000299
2	0000000000000000554
2	000000000000000001000000299
2	000000000000000000010000612
2	000000000000000000000000571
2	000000000000000000000000000000000000000000000000299
1	539
1	474
1	224
1	1000000000000000602
1	1000000000000000000000006
1	0110100001101000642
1	011010000010100000101000001010000000000000000000391
1	011010000000000000101000001010000010100000000000391
1	0110100000000000001010000010100000000000391
1	011010000000000000000000391
1	011010000000000000000000000000000000000000000000391
1	0110000065
1	01000000348
1	0100000001000000602
1	0100000001000000580
1	0100000001000000359
1	01000000001010000010100000000000391
1	010000000000100000000000299
1	01000000000000006
1	0100000000000000580
1	0100000000000000391
1	010000000000000000000000000000000000000000000000391
1	00101000580
1	00101000474
1	0010100000001000299
1	001010000000100000000000299
1	001000000000100000000000299
1	00011000578
1	00011000575
1	0001100000001000299
1	0001100000000000266
1	00010000580
1	00010000474
1	00010000348
1	0001000000011000334
1	00010000000100006
1	00010000000100000001000065
1	000100000001000000010000334
1	000100000001000000000000299
1	000100000000100000000000299
1	000100000000000000010000299
1	000010006
1	00001000580
1	00001000474
1	00001000348
1	0000100000001000612
1	000010000000100000000000299
1	0000100000000000299
1	000010000000000000001000299
1	00000000303
1	0000000010000000359
1	0000000010000000266
1	0000000001000000391
1	0000000000101000299
1	000000000001100065
1	0000000000011000299
1	000000000001000000010000612
1	000000000001000000010000299
1	0000000000001000474
1	000000000000100000001000299
1	0000000000000000532
1	0000000000000000491
1	0000000000000000348
1	0000000000000000342
1	0000000000000000010000000000000000000000299
1	0000000000000000000100000000000000000000299
1	0000000000000000000010000000000000000000299
1	00000000000000000000000074
1	0000000000000000000000005
1	00000000000000000000000000000000602
1	000000000000000000000000000000006
1	0000000000000000000000000000000000000000526
