55513	0000299
31181	000000000000299
15655	00000000612
12584	00006
12288	00000000299
12259	00000000266
12101	0000000065
9836	0000338
9546	000065
6536	000019
5695	0000578
4626	00000000338
4039	000000006
4010	0000580
3862	0000612
3824	0000000000006
3662	0000224
3584	000000000000301
3358	0000526
3022	00000000359
2647	0000108
1874	000000000000338
1791	0000474
1714	299
1628	00000000642
907	00000000598
901	00000000578
817	00000000526
782	00000000580
764	0000602
643	00000000000065
624	0000575
512	000000000000306
473	0000000019
424	000000000000612
387	00000000602
353	0000359
307	0000348
289	000000000000555
282	00000000000000000000327
267	00000000222
244	00000000000019
242	000000000000327
209	0000000000000000299
206	00000000000000000000299
183	000000000000474
153	0000554
143	0000000000000000612
140	43
133	000000000000326
126	109
123	000000000000602
123	0000000000000000109
119	00000000474
105	101000000000299
97	0000000068
83	639
83	00000000639
78	10101010612
72	00000000000000000000326
55	000000005
54	000000000000581
53	000000000000642
51	526
48	101000000000338
46	10100000334
45	1000299
38	65
33	1010000065
32	0100299
29	0000000000000000474
28	100000000000299
27	0001299
27	00000000555
24	10100000338
23	00001010612
21	0100224
21	0000334
20	0000571
20	000000000000224
19	01000100642
19	000001006
18	0100359
18	000000000000222
17	1110453
17	11101110612
17	000100000000299
17	000010106
16	10100000299
16	01000100612
16	00000000556
15	11101110532
15	10101010642
15	00000000224
14	30
14	1010359
14	1010224
13	00100000299
13	000000000000359
12	010000000000299
11	01000000299
11	0000000000000000266
10	11100000580
10	100100000000299
10	10000000266
10	0100526
10	000000000000526
10	000000000000108
9	11100000391
9	101065
9	1000526
9	0100000065
9	01000000642
9	00100010612
9	000060
8	79
8	101000000000334
8	000000000000266
7	1001299
7	0001526
7	0001000165
7	00010000266
7	0000010065
6	74
6	1010299
6	100065
6	10001000612
6	00011001338
6	000059
6	0000001065
5	10100000642
5	10100000000065
5	1000000065
5	01006
5	0100453
5	00010001299
5	00000100474
5	000000000000575
5	000000000000000074
4	100165
4	10011001642
4	10011001612
4	1000474
4	010065
4	0100612
4	01000100532
4	01000000266
4	000165
4	0001100165
4	0000642
4	00000001299
4	00000000597
3	1010612
3	1001359
3	1001224
3	1001000065
3	1000612
3	10000000299
3	01100110612
3	0100602
3	001065
3	0001612
3	00016
3	000010016
3	00001000526
3	00001000299
3	000000010001602
3	000000010000299
3	00000000000165
3	000000000000109
3	000000000000000065
3	0000000000000000642
3	00000000000000000000474
2	111010101010101010100000391
2	1010526
2	10016
2	100110000000299
2	10010000299
2	1000602
2	100019
2	1000100065
2	10001000642
2	10000000000065
2	010019
2	01000100391
2	01000100266
2	0001602
2	0001224
2	000119
2	00010001642
2	00010001612
2	00010001266
2	00010000000065
2	00001001642
2	0000100065
2	0000011065
2	00000001474
2	0000000100000000299
2	00000000554
2	000000000100299
2	000000000001612
2	000000000000571
2	000000000000000000000000299
1	539
1	474
1	224
1	11101110642
1	111010101010101000000000391
1	111000001010101010100000391
1	11100000101010100000391
1	111000000000391
1	111000000000000000000000391
1	1010580
1	1010474
1	10101000299
1	101010000000299
1	1001578
1	1001575
1	10011000299
1	10010000266
1	10006
1	1000580
1	1000348
1	100010000000299
1	10000000602
1	100000001000299
1	1000000000006
1	011065
1	0100348
1	0100101010100000391
1	010010000000299
1	01000100602
1	01000100580
1	01000100359
1	010000006
1	01000000580
1	01000000391
1	010000000000000000000000391
1	001010000000299
1	0001580
1	0001474
1	0001348
1	00011001334
1	000110000000299
1	000100016
1	00010001000165
1	000100010001334
1	000100010000299
1	000100000001299
1	0000303
1	00001010299
1	0000100165
1	00001001299
1	00001000474
1	00001000359
1	00001000266
1	000010001000299
1	00000100391
1	000000010001612
1	000000010001299
1	00000000532
1	00000000491
1	00000000348
1	00000000342
1	00000000100000000000299
1	00000000010000000000299
1	00000000000100000000299
1	00000000000074
1	0000000000005
1	0000000000000000602
1	00000000000000006
1	00000000000000000000526
